ATOMIC_POSITIONS (angstrom)
NI               1.2254504230        0.7101865830        1.4556095020    0   0   0
NI               2.4444040200        2.8214761450        1.4556095020    0   0   0
NI               3.6633576180        4.9327657080        1.4556095020    0   0   0
NI               4.8823112150        7.0440552710        1.4556095020    0   0   0
NI               6.1012648120        9.1553448320        1.4556095020    0   0   0
NI               7.3202184090       11.2666343950        1.4556095020    0   0   0
NI               3.6633576170        0.7101865830        1.4556095020    0   0   0
NI               4.8823112140        2.8214761450        1.4556095020    0   0   0
NI               6.1012648110        4.9327657080        1.4556095020    0   0   0
NI               7.3202184090        7.0440552710        1.4556095020    0   0   0
NI               8.5391720050        9.1553448320        1.4556095020    0   0   0
NI               9.7581256030       11.2666343950        1.4556095020    0   0   0
NI               6.1012648120        0.7101865830        1.4556095020    0   0   0
NI               7.3202184090        2.8214761450        1.4556095020    0   0   0
NI               8.5391720060        4.9327657080        1.4556095020    0   0   0
NI               9.7581256040        7.0440552710        1.4556095020    0   0   0
NI              10.9770792000        9.1553448320        1.4556095020    0   0   0
NI              12.1960327980       11.2666343950        1.4556095020    0   0   0
NI               8.5391720070        0.7101865830        1.4556095020    0   0   0
NI               9.7581256040        2.8214761450        1.4556095020    0   0   0
NI              10.9770792010        4.9327657080        1.4556095020    0   0   0
NI              12.1960327990        7.0440552710        1.4556095020    0   0   0
NI              13.4149863960        9.1553448320        1.4556095020    0   0   0
NI              14.6339399930       11.2666343950        1.4556095020    0   0   0
NI              10.9770792000        0.7101865830        1.4556095020    0   0   0
NI              12.1960327970        2.8214761450        1.4556095020    0   0   0
NI              13.4149863950        4.9327657080        1.4556095020    0   0   0
NI              14.6339399920        7.0440552710        1.4556095020    0   0   0
NI              15.8528935890        9.1553448320        1.4556095020    0   0   0
NI              17.0718471870       11.2666343950        1.4556095020    0   0   0
NI              13.4149863960        0.7101865830        1.4556095020    0   0   0
NI              14.6339399920        2.8214761450        1.4556095020    0   0   0
NI              15.8528935900        4.9327657080        1.4556095020    0   0   0
NI              17.0718471870        7.0440552710        1.4556095020    0   0   0
NI              18.2908007840        9.1553448320        1.4556095020    0   0   0
NI              19.5097543820       11.2666343950        1.4556095020    0   0   0
NI              13.4526512395        7.7636675665        3.4051662791
NI              14.6469461852        9.8311695079        3.3946316383
NI              15.8388711014        7.7666158959        3.3939871537
NI              12.2441755152        9.8353194884        3.4378384946
NI              14.6437291220        5.6891579415        3.4211861900
NI              17.0340555154        9.8325460931        3.4120000631
NI              11.0262254690        7.7534874636        3.4546021279
NI              13.4434063985       11.9240955730        3.4360353213
NI              12.2337699995        5.6737211261        3.4369859232
NI              15.8432347667       11.9184887078        3.4284438790
NI              17.0463200113        5.6819262773        3.4320650545
NI              18.2416368005        7.7590569538        3.4241528434
NI               9.7907116312        9.8445523547        3.4822686307
NI              11.0134081119       11.9448007806        3.4647900159
NI              13.4255032842        3.5688130720        3.4609265079
NI              18.2545539828       11.9339515878        3.4515495669
NI              15.8504423489        3.5735793627        3.4539483915
NI              19.4635009110        9.8388748067        3.4571403901
NI               4.8469226981        5.6611766416        3.4500273237
NI               7.3268475512        1.3732233153        3.4576181086
NI               9.7880790755        5.6523520684        3.4690219507
NI               3.6536565095        3.5543172498        3.4719757210
NI               6.0666548448        7.7477981520        3.4749626269
NI               4.9018522467        1.3938057542        3.4759661617
NI               8.5542740452        7.7458001064        3.4826786697
NI               9.7456475253        1.3823007760        3.4681104987
NI              10.9898659868        3.5424260941        3.4752578355
NI               2.4569126715        1.4224959341        3.4879451538
NI               7.3103573189        9.8457633310        3.4905265182
NI              12.1814003900        1.4118306094        3.4813615568
NI               6.0951983371        3.5246840726        3.4813070988
NI               7.3115130147        5.6446266185        3.4837874377
NI               8.5435037988        3.5170703179        3.4898738205
NI               8.5497342071       11.9600289305        3.4943367810
NI              14.6316550313        1.4318860480        3.4919881337
NI              20.7025231947       11.9545695438        3.4816275775
AG              -0.1012970900       -0.0138255623        5.7828678712
AG               5.7804115992        5.0372941015        5.7734318716
AG               7.2039517945        2.5407091911        5.7737890799
AG               8.6554684679        5.0568951744        5.7685241948
AG               1.3527227259        2.4731304053        5.7815351487
AG               5.7952287317       10.1574771133        5.8160563822
AG               2.7785120839       -0.0114537324        5.7938504957
AG               8.6439449448       10.1514305887        5.8459010416
AG              11.6296748063        0.0200253013        5.8051922791
AG              13.0684481485        2.4904995543        5.7881262645
AG               4.2744671549        2.4983438474        5.7950811053
AG               7.2293078182        7.6112776500        5.8126349864
AG              10.1314630211        2.5387033106        5.7837984405
AG               2.8563159205        4.9920904133        5.8205459789
AG               4.3536751655        7.5738322224        5.8220601118
AG               5.7112035657        0.0200498460        5.8167178542
AG              10.0718088812        7.6096026561        5.8236410708
AG               8.6821093932        0.0425049837        5.8175245585
AG              11.5497654385        5.0357823917        5.7982038434
AG              11.5140678801       10.1608015284        5.8351187044
AG              14.5146095522        4.9861977925        5.8261387387
AG              17.5123161302       10.1483660026        5.8414697538
AG              12.9940472414        7.5781921299        5.8457181514
AG              14.5033865486       10.1416723018        5.8530783773
AG              16.0071361427        7.5505824649        5.8590572693
AG               5.7446131332        3.3583187856        8.0912043917
AG               7.1978647354        5.8893022498        8.0947863166
AG               8.6668882255        3.3637564286        8.0843451198
AG               4.2916264533        5.8869890881        8.1060985917
AG               7.2062014333        0.8332462466        8.1074961361
AG              10.1271560963        5.8919073132        8.1016481436
AG               1.3509603971        0.8397359524        8.1103342469
AG               7.1703978309       11.0117241035        8.1631235489
AG              13.0538833864        0.8589089808        8.1246146651
AG               2.8209183680        3.3455249733        8.1151486689
AG               5.7435672698        8.4473630579        8.1222296915
AG               4.2821006307        0.8376321233        8.1200715812
AG               8.6603227746        8.4226313575        8.1642893026
AG              10.1378892741        0.8475369873        8.1133145895
AG              11.6029360169        3.3663288301        8.0900881153
AG              11.5913406796        8.4373765279        8.1292357267
AG              13.0646621634       10.9662645790        8.1258670965
AG              13.0645609905        5.8841307200        8.1079639346
AG              15.9920692129       10.9706508315        8.1104444864
AG              15.9962025856        5.8704932291        8.1254315868
AG              17.4581755861        8.4278077789        8.1207678692
AG              10.1438811945       10.9957959404        8.1704293757
AG              14.5268701877        3.3524978810        8.1231543218
AG              18.9014956950       10.9896790754        8.1368156132
AG              14.5257334194        8.4170549729        8.1240261339
