     atom  34 (R=0.073)  charge=  8.0335  magn= -0.0070
     atom  35 (R=0.073)  charge=  8.0341  magn= -0.0069
     atom  36 (R=0.073)  charge=  8.0345  magn= -0.0071
     atom  37 (R=0.073)  charge=  8.0335  magn= -0.0069
     atom  38 (R=0.073)  charge=  8.0341  magn= -0.0066
     atom  39 (R=0.073)  charge=  8.0318  magn= -0.0042
     atom  40 (R=0.073)  charge=  8.0342  magn= -0.0062
     atom  41 (R=0.073)  charge=  8.0339  magn= -0.0070
     atom  42 (R=0.073)  charge=  8.0321  magn= -0.0044
     atom  43 (R=0.073)  charge=  8.0319  magn= -0.0039
     atom  44 (R=0.073)  charge=  8.0346  magn= -0.0070
     atom  45 (R=0.073)  charge=  8.0343  magn= -0.0072
     atom  46 (R=0.073)  charge=  8.0340  magn= -0.0063
     atom  47 (R=0.073)  charge=  8.0346  magn= -0.0070
     atom  48 (R=0.073)  charge=  8.0334  magn= -0.0062
     atom  49 (R=0.073)  charge=  8.0427  magn= -0.0075
     atom  50 (R=0.073)  charge=  8.0408  magn= -0.0070
     atom  51 (R=0.073)  charge=  8.0431  magn= -0.0076
     atom  52 (R=0.073)  charge=  8.0408  magn= -0.0073
     atom  53 (R=0.073)  charge=  8.0409  magn= -0.0071
     atom  54 (R=0.073)  charge=  8.0410  magn= -0.0071
     atom  55 (R=0.073)  charge=  8.0448  magn= -0.0070
     atom  56 (R=0.073)  charge=  8.0461  magn= -0.0066
     atom  57 (R=0.073)  charge=  8.0429  magn= -0.0075
     atom  58 (R=0.073)  charge=  8.0429  magn= -0.0068
     atom  59 (R=0.073)  charge=  8.0460  magn=  0.0003
     atom  60 (R=0.073)  charge=  8.0459  magn= -0.0069
     atom  61 (R=0.073)  charge=  8.0403  magn= -0.0073
     atom  62 (R=0.073)  charge=  8.0450  magn= -0.0069
     atom  63 (R=0.073)  charge=  8.0454  magn= -0.0071
     atom  64 (R=0.073)  charge=  8.0406  magn= -0.0073
     atom  65 (R=0.041)  charge=  1.9541  magn=  0.0000
     atom  66 (R=0.041)  charge=  1.9616  magn=  0.0017
     atom  67 (R=0.041)  charge=  1.9565  magn=  0.0000
     atom  68 (R=0.046)  charge=  0.8398  magn=  0.0000
     atom  69 (R=0.046)  charge=  0.8402  magn=  0.0001
     atom  70 (R=0.046)  charge=  0.8401  magn=  0.0000
     atom  71 (R=0.041)  charge=  0.3940  magn=  0.0000
     atom  72 (R=0.041)  charge=  0.3879  magn= -0.0000
     atom  73 (R=0.041)  charge=  0.3902  magn= -0.0000
     atom  74 (R=0.041)  charge=  0.3923  magn=  0.0000
     atom  75 (R=0.041)  charge=  0.3939  magn=  0.0000
     atom  76 (R=0.041)  charge=  0.4004  magn= -0.0000
     atom  77 (R=0.041)  charge=  0.3833  magn=  0.0000
     atom  78 (R=0.041)  charge=  0.4083  magn=  0.0000

     total cpu time spent up to now is     2072.6 secs

     End of self-consistent calculation

 ------ SPIN UP ------------


          k = 0.0000 0.0000 0.0000 ( 65123 PWs)   bands (ev):

   -23.0927 -22.2685 -21.8334 -15.7214 -13.4485 -11.7011 -10.0627  -9.7169
    -9.1122  -8.7388  -8.4892  -8.1969  -8.0404  -7.6968  -7.6902  -7.6785
    -7.6710  -7.6686  -7.6546  -7.0692  -6.8428  -6.5101  -6.4552  -6.4542
    -6.4510  -6.4448  -6.4404  -6.2357  -5.7206  -5.6733  -5.6211  -5.6183
    -5.6046  -5.5333  -5.5280  -5.4959  -5.3908  -5.3801  -5.3769  -5.3748
    -5.3705  -5.3516  -5.2368  -5.2018  -5.2001  -5.1934  -5.1887  -5.1740
    -5.1526  -5.1314  -5.1248  -5.1146  -4.9309  -4.9291  -4.9233  -4.9185
    -4.9133  -4.9127  -4.8286  -4.8143  -4.8075  -4.7149  -4.6846  -4.6816
    -4.6650  -4.6630  -4.6617  -4.6539  -4.6524  -4.6517  -4.6496  -4.6398
    -4.6379  -4.5563  -4.4960  -4.4941  -4.4907  -4.4894  -4.4826  -4.4775
    -4.4737  -4.4632  -4.4342  -4.3574  -4.3519  -4.3499  -4.3436  -4.3378
    -4.3085  -4.2977  -4.2452  -4.2349  -4.2333  -4.2298  -4.2291  -4.2181
    -4.1865  -4.1848  -4.1546  -4.0806  -4.0745  -4.0722  -4.0670  -4.0658
    -4.0535  -4.0457  -3.9831  -3.9773  -3.9704  -3.9666  -3.9581  -3.9540
    -3.9466  -3.9434  -3.9357  -3.9120  -3.8917  -3.8861  -3.8796  -3.8484
    -3.8449  -3.8437  -3.8411  -3.8393  -3.8213  -3.7979  -3.7839  -3.7729
    -3.7690  -3.7666  -3.7641  -3.7526  -3.7361  -3.7257  -3.7246  -3.7112
    -3.6827  -3.6779  -3.6664  -3.6616  -3.6452  -3.6307  -3.6137  -3.5782
    -3.5769  -3.5474  -3.5271  -3.5241  -3.5108  -3.4307  -3.4258  -3.4231
    -3.4208  -3.4196  -3.4182  -3.4167  -3.4146  -3.4136  -3.4130  -3.3973
    -3.3854  -3.3342  -3.3240  -3.3197  -3.3090  -3.3051  -3.2981  -3.2919
    -3.2767  -3.2709  -3.2705  -3.2698  -3.2657  -3.2588  -3.1682  -3.1678
    -3.1597  -3.1427  -3.1392  -3.1299  -3.1280  -3.1204  -3.1198  -3.1190
    -3.1119  -3.1080  -3.0949  -3.0199  -3.0143  -3.0049  -2.9847  -2.9831
    -2.9763  -2.9647  -2.9636  -2.9615  -2.9489  -2.9423  -2.9420  -2.9267
    -2.9169  -2.9094  -2.8781  -2.8775  -2.8744  -2.8659  -2.8648  -2.8612
    -2.8551  -2.8535  -2.8455  -2.8212  -2.8198  -2.8169  -2.8118  -2.8113
    -2.7933  -2.7448  -2.6992  -2.6963  -2.6932  -2.6916  -2.6898  -2.6889
    -2.6874  -2.6862  -2.6823  -2.6794  -2.6754  -2.6611  -2.6064  -2.6025
    -2.6018  -2.5999  -2.5986  -2.5959  -2.5946  -2.5936  -2.5930  -2.5919
    -2.5810  -2.5651  -2.5604  -2.5476  -2.5465  -2.5442  -2.5414  -2.5401
    -2.5379  -2.5041  -2.4784  -2.4740  -2.4729  -2.4721  -2.4712  -2.4505
    -2.4491  -2.4184  -2.3797  -2.3796  -2.3780  -2.3755  -2.3746  -2.3225
    -2.3204  -2.2859  -2.1773  -2.1753  -2.1647  -2.1609  -2.1537  -2.1528
    -2.1502  -2.1501  -2.1361  -2.1048  -2.1013  -2.0999  -2.0750  -2.0725
    -2.0685  -2.0679  -2.0651  -2.0634  -1.9664  -1.9646  -1.9626  -1.8866
    -1.8856  -1.8851  -1.8845  -1.8839  -1.8833  -1.8804  -1.8760  -1.8747
    -1.8734  -1.8723  -1.8521  -1.8379  -1.8269  -1.8085  -1.6636  -1.6622
    -1.6620  -1.6617  -1.6615  -1.6606  -1.6126  -1.4392  -1.4369  -1.4363
    -1.4349  -1.4334  -1.4333  -1.4206  -1.4193  -1.4188  -1.4184  -1.4177
    -1.4168  -1.4057  -1.3932  -1.3663  -1.3656  -1.3639  -1.3623  -1.3610
    -1.3608  -1.3553  -1.3515  -1.3459  -1.0817  -1.0810  -1.0799  -0.9828
    -0.9821  -0.9794  -0.9789  -0.9781  -0.9772  -0.9753  -0.9749  -0.9725
    -0.9695  -0.9687  -0.9670  -0.9563  -0.8913  -0.8909  -0.8884  -0.8876
    -0.8862  -0.8858  -0.8134  -0.7258  -0.7244  -0.7227  -0.6242  -0.6237
    -0.6233  -0.6093  -0.3672  -0.3564  -0.3385  -0.1576  -0.1544  -0.1480
    -0.1413  -0.1256  -0.1092   0.6063   0.6138   0.6198   0.6828   0.7002
     0.7170   0.7269   0.7728   0.8860   0.9807   0.9837   0.9876   1.0055
     1.0210   1.1473   1.3543   1.3722   1.3843   2.0312   2.0472   2.0660
     2.0677   2.0726   2.0728   2.1200   2.1372   2.1968   2.6187   2.7145
     2.7480   2.7806   2.7835   2.7974   2.9471   3.2055   3.7200   3.9824
     4.0540   4.1341   4.2549   4.2672   4.2893   4.3024   4.3439   4.3643
     4.3679   4.5066   4.5348   4.5798   4.6103   4.6981   4.7374   4.8154
     5.0795   5.1629

     occupation numbers 
     1.0000   1.0000   1.0000   1.0000   1.0000   1.0000   1.0000   1.0000
     1.0000   1.0000   1.0000   1.0000   1.0000   1.0000   1.0000   1.0000
     1.0000   1.0000   1.0000   1.0000   1.0000   1.0000   1.0000   1.0000
     1.0000   1.0000   1.0000   1.0000   1.0000   1.0000   1.0000   1.0000
     1.0000   1.0000   1.0000   1.0000   1.0000   1.0000   1.0000   1.0000
     1.0000   1.0000   1.0000   1.0000   1.0000   1.0000   1.0000   1.0000
     1.0000   1.0000   1.0000   1.0000   1.0000   1.0000   1.0000   1.0000
     1.0000   1.0000   1.0000   1.0000   1.0000   1.0000   1.0000   1.0000
     1.0000   1.0000   1.0000   1.0000   1.0000   1.0000   1.0000   1.0000
     1.0000   1.0000   1.0000   1.0000   1.0000   1.0000   1.0000   1.0000
     1.0000   1.0000   1.0000   1.0000   1.0000   1.0000   1.0000   1.0000
     1.0000   1.0000   1.0000   1.0000   1.0000   1.0000   1.0000   1.0000
     1.0000   1.0000   1.0000   1.0000   1.0000   1.0000   1.0000   1.0000
     1.0000   1.0000   1.0000   1.0000   1.0000   1.0000   1.0000   1.0000
     1.0000   1.0000   1.0000   1.0000   1.0000   1.0000   1.0000   1.0000
     1.0000   1.0000   1.0000   1.0000   1.0000   1.0000   1.0000   1.0000
     1.0000   1.0000   1.0000   1.0000   1.0000   1.0000   1.0000   1.0000
     1.0000   1.0000   1.0000   1.0000   1.0000   1.0000   1.0000   1.0000
     1.0000   1.0000   1.0000   1.0000   1.0000   1.0000   1.0000   1.0000
     1.0000   1.0000   1.0000   1.0000   1.0000   1.0000   1.0000   1.0000
     1.0000   1.0000   1.0000   1.0000   1.0000   1.0000   1.0000   1.0000
     1.0000   1.0000   1.0000   1.0000   1.0000   1.0000   1.0000   1.0000
     1.0000   1.0000   1.0000   1.0000   1.0000   1.0000   1.0000   1.0000
     1.0000   1.0000   1.0000   1.0000   1.0000   1.0000   1.0000   1.0000
     1.0000   1.0000   1.0000   1.0000   1.0000   1.0000   1.0000   1.0000
     1.0000   1.0000   1.0000   1.0000   1.0000   1.0000   1.0000   1.0000
     1.0000   1.0000   1.0000   1.0000   1.0000   1.0000   1.0000   1.0000
     1.0000   1.0000   1.0000   1.0000   1.0000   1.0000   1.0000   1.0000
     1.0000   1.0000   1.0000   1.0000   1.0000   1.0000   1.0000   1.0000
     1.0000   1.0000   1.0000   1.0000   1.0000   1.0000   1.0000   1.0000
     1.0000   1.0000   1.0000   1.0000   1.0000   1.0000   1.0000   1.0000
     1.0000   1.0000   1.0000   1.0000   1.0000   1.0000   1.0000   1.0000
     1.0000   1.0000   1.0000   1.0000   1.0000   1.0000   1.0000   1.0000
     1.0000   1.0000   1.0000   1.0000   1.0000   1.0000   1.0000   1.0000
     1.0000   1.0000   1.0000   1.0000   1.0000   1.0000   1.0000   1.0000
     1.0000   1.0000   1.0000   1.0000   1.0000   1.0000   1.0000   1.0000
     1.0000   1.0000   1.0000   1.0000   1.0000   1.0000   1.0000   1.0000
     1.0000   1.0000   1.0000   1.0000   1.0000   1.0000   1.0000   1.0000
     1.0000   1.0000   1.0000   1.0000   1.0000   1.0000   1.0000   1.0000
     1.0000   1.0000   1.0000   1.0000   1.0000   1.0000   1.0000   1.0000
     1.0000   1.0000   1.0000   1.0000   1.0000   1.0000   1.0000   1.0000
     1.0000   1.0000   1.0000   1.0000   0.9998   0.9998   0.9998   0.9990
     0.9990   0.9990   0.9990   0.9989   0.9989   0.9989   0.9989   0.9988
     0.9988   0.9988   0.9987   0.9985   0.9956   0.9956   0.9955   0.9954
     0.9953   0.9953   0.9868   0.9611   0.9605   0.9597   0.8917   0.8912
     0.8908   0.8765   0.4601   0.4377   0.4014   0.1170   0.1139   0.1075
     0.1012   0.0876   0.0747   0.0000   0.0000   0.0000   0.0000   0.0000
     0.0000   0.0000   0.0000   0.0000   0.0000   0.0000   0.0000   0.0000
     0.0000   0.0000   0.0000   0.0000   0.0000   0.0000   0.0000   0.0000
     0.0000   0.0000   0.0000   0.0000   0.0000   0.0000   0.0000   0.0000
     0.0000   0.0000   0.0000   0.0000   0.0000   0.0000   0.0000   0.0000
     0.0000   0.0000   0.0000   0.0000   0.0000   0.0000   0.0000   0.0000
     0.0000   0.0000   0.0000   0.0000   0.0000   0.0000   0.0000   0.0000
     0.0000   0.0000

 ------ SPIN DOWN ----------


          k = 0.0000 0.0000 0.0000 ( 65123 PWs)   bands (ev):

   -23.0891 -22.2677 -21.8329 -15.7207 -13.4474 -11.7009 -10.0612  -9.7315
    -9.1118  -8.7382  -8.4907  -8.2058  -8.0407  -7.7067  -7.7002  -7.6878
    -7.6812  -7.6794  -7.6654  -7.0685  -6.8423  -6.5096  -6.4549  -6.4535
    -6.4510  -6.4441  -6.4399  -6.2332  -5.7175  -5.6167  -5.6138  -5.6032
    -5.5786  -5.5267  -5.5213  -5.4886  -5.3763  -5.3643  -5.3612  -5.3595
    -5.3549  -5.3363  -5.2332  -5.1974  -5.1917  -5.1883  -5.1802  -5.1689
    -5.1430  -5.0988  -5.0894  -5.0806  -4.8962  -4.8947  -4.8883  -4.8860
    -4.8827  -4.8816  -4.7284  -4.6601  -4.6555  -4.6496  -4.6459  -4.6428
    -4.6423  -4.6278  -4.6265  -4.6255  -4.6207  -4.6199  -4.6109  -4.6097
    -4.6005  -4.5248  -4.4891  -4.4797  -4.4694  -4.4666  -4.4566  -4.4243
    -4.3171  -4.3163  -4.3095  -4.3081  -4.3001  -4.2731  -4.2653  -4.1841
    -4.1832  -4.1725  -4.1003  -4.0921  -4.0854  -4.0789  -4.0764  -4.0700
    -4.0663  -4.0639  -4.0613  -4.0581  -4.0549  -4.0452  -4.0398  -3.9705
    -3.9640  -3.9538  -3.9165  -3.8921  -3.8794  -3.8783  -3.8737  -3.8644
    -3.8524  -3.8517  -3.8452  -3.8393  -3.8079  -3.8050  -3.7995  -3.7928
    -3.7880  -3.7478  -3.7447  -3.7418  -3.7376  -3.7284  -3.7250  -3.7095
    -3.7000  -3.6675  -3.6653  -3.6588  -3.6534  -3.6521  -3.6448  -3.6410
    -3.6283  -3.5760  -3.5622  -3.5593  -3.5483  -3.5414  -3.5047  -3.4519
    -3.4469  -3.4221  -3.4024  -3.3958  -3.3818  -3.2861  -3.2844  -3.2824
    -3.2815  -3.2791  -3.2788  -3.2693  -3.2551  -3.2466  -3.1889  -3.1666
    -3.1654  -3.1566  -3.1391  -3.1379  -3.1354  -3.1271  -3.1265  -3.1183
    -3.0869  -3.0558  -3.0543  -3.0534  -3.0522  -3.0511  -3.0481  -3.0218
    -3.0180  -3.0096  -2.9940  -2.9938  -2.9915  -2.9860  -2.9856  -2.9841
    -2.9757  -2.9672  -2.9636  -2.9059  -2.9040  -2.9027  -2.8951  -2.8943
    -2.8916  -2.8788  -2.8760  -2.8726  -2.8650  -2.8640  -2.8626  -2.8550
    -2.8382  -2.8239  -2.8114  -2.8071  -2.8042  -2.7624  -2.7614  -2.7602
    -2.7568  -2.7458  -2.7158  -2.6666  -2.6616  -2.6597  -2.5901  -2.5779
    -2.5768  -2.5740  -2.5710  -2.5479  -2.5430  -2.5401  -2.5388  -2.5347
    -2.5340  -2.5315  -2.5110  -2.5100  -2.5046  -2.5017  -2.4991  -2.4944
    -2.4879  -2.3534  -2.3472  -2.3419  -2.3298  -2.2643  -2.2634  -2.2602
    -2.2567  -2.2553  -2.2521  -2.1852  -2.1833  -2.1793  -2.1736  -2.1652
    -2.1635  -2.1632  -2.1627  -2.1624  -2.1265  -2.1119  -2.1093  -2.1079
    -2.0304  -2.0274  -2.0262  -2.0242  -2.0233  -2.0177  -1.9964  -1.9947
    -1.9058  -1.9053  -1.9052  -1.9042  -1.9040  -1.8874  -1.8821  -1.8798
    -1.8781  -1.8778  -1.8764  -1.8757  -1.7855  -1.7826  -1.7338  -1.7334
    -1.7304  -1.7299  -1.7261  -1.7259  -1.5969  -1.5459  -1.5370  -1.5281
    -1.4680  -1.4658  -1.4648  -1.4336  -1.4323  -1.4304  -1.4296  -1.4244
    -1.3499  -1.3489  -1.3483  -1.3477  -1.3475  -1.3469  -1.3186  -1.1302
    -1.1288  -1.1284  -1.1279  -1.1274  -1.1271  -0.9252  -0.9243  -0.9227
    -0.9206  -0.9200  -0.9191  -0.9147  -0.9095  -0.9042  -0.8974  -0.8967
    -0.8963  -0.8962  -0.8951  -0.8950  -0.8718  -0.8611  -0.8169  -0.8161
    -0.8159  -0.8154  -0.8152  -0.8147  -0.6196  -0.6140  -0.6100  -0.6082
    -0.5984  -0.5675  -0.5010  -0.5004  -0.4995  -0.4702  -0.3719  -0.3706
    -0.3703  -0.3694  -0.3692  -0.3678  -0.3515  -0.3441  -0.3201  -0.3184
    -0.3180  -0.3156  -0.3135  -0.3076  -0.2137  -0.2057  -0.1896  -0.1670
    -0.1665  -0.1649  -0.0161  -0.0132  -0.0071   0.0016   0.0161   0.0437
     0.0777   0.0779   0.0781   0.6368   0.6513   0.6560   0.8326   0.8560
     0.8707   0.8771   0.9165   1.0812   1.2829   1.2850   1.2883   1.3112
     1.3248   1.4174   1.4973   1.5112   1.5221   2.1262   2.1407   2.1595
     2.2469   2.2528   2.2548   2.2984   2.3134   2.3636   2.6383   2.8335
     2.8737   2.8994   2.9107   2.9217   3.0482   3.2249   3.7222   3.9911
     4.0602   4.1521   4.3068   4.3425   4.3483   4.3786   4.4309   4.4429
     4.4541   4.5238   4.5597   4.6104   4.6223   4.7033   4.7712   4.8412
     5.0849   5.1742

     occupation numbers 
     1.0000   1.0000   1.0000   1.0000   1.0000   1.0000   1.0000   1.0000
     1.0000   1.0000   1.0000   1.0000   1.0000   1.0000   1.0000   1.0000
     1.0000   1.0000   1.0000   1.0000   1.0000   1.0000   1.0000   1.0000
     1.0000   1.0000   1.0000   1.0000   1.0000   1.0000   1.0000   1.0000
     1.0000   1.0000   1.0000   1.0000   1.0000   1.0000   1.0000   1.0000
     1.0000   1.0000   1.0000   1.0000   1.0000   1.0000   1.0000   1.0000
     1.0000   1.0000   1.0000   1.0000   1.0000   1.0000   1.0000   1.0000
     1.0000   1.0000   1.0000   1.0000   1.0000   1.0000   1.0000   1.0000
     1.0000   1.0000   1.0000   1.0000   1.0000   1.0000   1.0000   1.0000
     1.0000   1.0000   1.0000   1.0000   1.0000   1.0000   1.0000   1.0000
     1.0000   1.0000   1.0000   1.0000   1.0000   1.0000   1.0000   1.0000
     1.0000   1.0000   1.0000   1.0000   1.0000   1.0000   1.0000   1.0000
     1.0000   1.0000   1.0000   1.0000   1.0000   1.0000   1.0000   1.0000
     1.0000   1.0000   1.0000   1.0000   1.0000   1.0000   1.0000   1.0000
     1.0000   1.0000   1.0000   1.0000   1.0000   1.0000   1.0000   1.0000
     1.0000   1.0000   1.0000   1.0000   1.0000   1.0000   1.0000   1.0000
     1.0000   1.0000   1.0000   1.0000   1.0000   1.0000   1.0000   1.0000
     1.0000   1.0000   1.0000   1.0000   1.0000   1.0000   1.0000   1.0000
     1.0000   1.0000   1.0000   1.0000   1.0000   1.0000   1.0000   1.0000
     1.0000   1.0000   1.0000   1.0000   1.0000   1.0000   1.0000   1.0000
     1.0000   1.0000   1.0000   1.0000   1.0000   1.0000   1.0000   1.0000
     1.0000   1.0000   1.0000   1.0000   1.0000   1.0000   1.0000   1.0000
     1.0000   1.0000   1.0000   1.0000   1.0000   1.0000   1.0000   1.0000
     1.0000   1.0000   1.0000   1.0000   1.0000   1.0000   1.0000   1.0000
     1.0000   1.0000   1.0000   1.0000   1.0000   1.0000   1.0000   1.0000
     1.0000   1.0000   1.0000   1.0000   1.0000   1.0000   1.0000   1.0000
     1.0000   1.0000   1.0000   1.0000   1.0000   1.0000   1.0000   1.0000
     1.0000   1.0000   1.0000   1.0000   1.0000   1.0000   1.0000   1.0000
     1.0000   1.0000   1.0000   1.0000   1.0000   1.0000   1.0000   1.0000
     1.0000   1.0000   1.0000   1.0000   1.0000   1.0000   1.0000   1.0000
     1.0000   1.0000   1.0000   1.0000   1.0000   1.0000   1.0000   1.0000
     1.0000   1.0000   1.0000   1.0000   1.0000   1.0000   1.0000   1.0000
     1.0000   1.0000   1.0000   1.0000   1.0000   1.0000   1.0000   1.0000
     1.0000   1.0000   1.0000   1.0000   1.0000   1.0000   1.0000   1.0000
     1.0000   1.0000   1.0000   1.0000   1.0000   1.0000   1.0000   1.0000
     1.0000   1.0000   1.0000   1.0000   1.0000   1.0000   1.0000   1.0000
     1.0000   1.0000   1.0000   1.0000   1.0000   1.0000   1.0000   1.0000
     1.0000   1.0000   1.0000   1.0000   1.0000   1.0000   1.0000   0.9999
     0.9999   0.9999   0.9999   0.9999   0.9999   0.9974   0.9974   0.9973
     0.9972   0.9972   0.9972   0.9970   0.9967   0.9964   0.9960   0.9960
     0.9960   0.9960   0.9959   0.9959   0.9942   0.9932   0.9873   0.9872
     0.9872   0.9871   0.9871   0.9870   0.8872   0.8815   0.8773   0.8754
     0.8645   0.8266   0.7242   0.7230   0.7214   0.6683   0.4697   0.4670
     0.4665   0.4645   0.4642   0.4612   0.4278   0.4128   0.3651   0.3616
     0.3609   0.3562   0.3523   0.3408   0.1846   0.1737   0.1531   0.1270
     0.1265   0.1247   0.0271   0.0262   0.0243   0.0219   0.0182   0.0127
     0.0079   0.0079   0.0079   0.0000   0.0000   0.0000   0.0000   0.0000
     0.0000   0.0000   0.0000   0.0000   0.0000   0.0000   0.0000   0.0000
     0.0000   0.0000   0.0000   0.0000   0.0000   0.0000   0.0000   0.0000
     0.0000   0.0000   0.0000   0.0000   0.0000   0.0000   0.0000   0.0000
     0.0000   0.0000   0.0000   0.0000   0.0000   0.0000   0.0000   0.0000
     0.0000   0.0000   0.0000   0.0000   0.0000   0.0000   0.0000   0.0000
     0.0000   0.0000   0.0000   0.0000   0.0000   0.0000   0.0000   0.0000
     0.0000   0.0000

     the Fermi energy is    -0.3865 ev

!    total energy              =   -7290.37232085 Ry
     estimated scf accuracy    <       0.00000002 Ry
     smearing contrib. (-TS)   =      -0.19233058 Ry
     internal energy E=F+TS    =   -7290.17999027 Ry

     The total energy is F=E-TS. E is the sum of the following terms:
     one-electron contribution = -148512.14069118 Ry
     hartree contribution      =   74957.17207813 Ry
     xc contribution           =   -2805.64298237 Ry
     ewald contribution        =   69071.89806363 Ry
     DFT-D3 Dispersion         =      -1.46645847 Ry

     total magnetization       =    16.55 Bohr mag/cell
     absolute magnetization    =    19.69 Bohr mag/cell

     convergence has been achieved in  27 iterations
