ATOMIC_POSITIONS (angstrom)
Ni               1.2286497520        0.7093615510       11.2500000000    0   0   0
Ni               2.4572990100        2.8374462050       11.2500000000    0   0   0
Ni               3.6859482670        4.9655308580       11.2500000000    0   0   0
Ni               4.9145975240        7.0936155120       11.2500000000    0   0   0
Ni               3.6859497520        0.7093615510       11.2500000000    0   0   0
Ni               4.9145990100        2.8374462050       11.2500000000    0   0   0
Ni               6.1432482670        4.9655308580       11.2500000000    0   0   0
Ni               7.3718975240        7.0936155120       11.2500000000    0   0   0
Ni               6.1432497520        0.7093615510       11.2500000000    0   0   0
Ni               7.3718990100        2.8374462050       11.2500000000    0   0   0
Ni               8.6005482670        4.9655308580       11.2500000000    0   0   0
Ni               9.8291975240        7.0936155120       11.2500000000    0   0   0
Ni               8.6005497520        0.7093615510       11.2500000000    0   0   0
Ni               9.8291990100        2.8374462050       11.2500000000    0   0   0
Ni              11.0578482670        4.9655308580       11.2500000000    0   0   0
Ni              12.2864975240        7.0936155120       11.2500000000    0   0   0
Ni               4.9099156437        8.5053429943       13.3011714153    0   0   0
Ni              11.0531329444        2.1206495289       13.3008022987    0   0   0
Ni              12.2817169742        4.2489790338       13.3006009374    0   0   0
Ni              13.5101985337        6.3773433495       13.3009431249    0   0   0
Ni               7.3672568657        8.5047181049       13.3011773704    0   0   0
Ni               3.6813642393        2.1207834059       13.3007249916    0   0   0
Ni               4.9098915811        4.2493198243       13.3009122649    0   0   0
Ni               6.1382079689        6.3774560515       13.3011135672    0   0   0
Ni               9.8241033231        8.5046823230       13.3010832757    0   0   0
Ni               6.1383369811        2.1207818053       13.3007715317    0   0   0
Ni               7.3668809572        4.2490234566       13.3008058444    0   0   0
Ni               8.5953896190        6.3767159329       13.3009510356    0   0   0
Ni              12.2816608155        8.5051500050       13.3006064561    0   0   0
Ni               8.5958456854        2.1206091639       13.3010363913    0   0   0
Ni               9.8244550653        4.2487038258       13.3007275536    0   0   0
Ni              11.0528529681        6.3769409810       13.3006612510    0   0   0
Cu               2.4478273934        1.4024593494       15.3768195279    0   0   0
Cu               3.6763308064        3.5307008763       15.3768060769    0   0   0
Cu               4.9041378635        5.6597275327       15.3773446705    0   0   0
Cu               6.1330260753        7.7878909917       15.3784795762    0   0   0
Cu               4.9046987935        1.4026027494       15.3777978376    0   0   0
Cu               6.1325026874        3.5313494179       15.3777258642    0   0   0
Cu               7.3610720821        5.6598451508       15.3779275454    0   0   0
Cu               8.5906751573        7.7868955285       15.3785352684    0   0   0
Cu               7.3621786350        1.4037478132       15.3762149869    0   0   0
Cu               8.5904727219        3.5321453649       15.3780682333    0   0   0
Cu               9.8190628607        5.6596863340       15.3769316566    0   0   0
Cu              11.0487962789        7.7874997913       15.3777155251    0   0   0
Cu               9.8196454140        1.4041813301       15.3774701118    0   0   0
Cu              11.0479045226        3.5315147301       15.3771972946    0   0   0
Cu              12.2765483612        5.6595853029       15.3771297580    0   0   0
Cu              13.5054403737        7.7883030906       15.3772812510    0   0   0
Cu               1.2142507643        0.6853905699       17.5730474000
Cu               2.4431235645        2.8119263041       17.5682265922
Cu               3.6695451422        4.9400404481       17.5707621669
Cu               4.8976722703        7.0703355953       17.5698678577
Cu               3.6715842014        0.6862284991       17.5719513843
Cu               4.8993961283        2.8116476539       17.5750422855
Cu               6.1031248907        4.9379411465       17.5443999566
Cu               7.3452781744        7.0864168671       17.5591181169
Cu               6.1289520421        0.6844295018       17.5701753599
Cu               7.3427253259        2.7930650315       17.5441110372
Cu               8.6168673427        4.9549090930       17.3555939343
Cu               9.8290876925        7.0930261518       17.5523217597
Cu               8.5864889431        0.6856394173       17.5676398853
Cu               9.8240490311        2.7935386824       17.5543171608
Cu              11.0710341349        4.9420999868       17.5439382704
Cu              12.2741086219        7.0699986554       17.5722646219
O                7.4499715416        4.0101258564       21.6633712238
O                8.4961765536        4.9827813753       19.4291411202
O                8.5489997207        4.9483821798       24.1401461950
C                8.5616759008        4.9179630666       21.7611161211
C                9.4096293832        4.7318580421       20.5149454400
C                9.3774669988        4.7176646238       23.0102608552
H                8.1146694795        5.9219989389       21.7162326651
H                9.8143038793        3.6978627986       20.4265397142
H               10.2403713388        5.4451589299       20.3985736368
H               10.2463809115        5.4036201321       22.9894809687
H                9.7579497653        3.6768057037       22.9908476413
H                7.8229726861        3.1144113320       21.6972342847
H                7.7840537751        4.2948755619       19.4502922365
H                9.1045676249        4.7823533963       24.9148813955
