ATOMIC_POSITIONS angstrom
NI   1.225450423   0.710186583   1.455609502    0 0 0
NI   2.444404020   2.821476145   1.455609502    0 0 0
NI   3.663357618   4.932765708   1.455609502    0 0 0
NI   4.882311215   7.044055271   1.455609502    0 0 0
NI   6.101264812   9.155344832   1.455609502    0 0 0
NI   7.320218409  11.266634395   1.455609502    0 0 0
NI   3.663357617   0.710186583   1.455609502    0 0 0
NI   4.882311214   2.821476145   1.455609502    0 0 0
NI   6.101264811   4.932765708   1.455609502    0 0 0
NI   7.320218409   7.044055271   1.455609502    0 0 0
NI   8.539172005   9.155344832   1.455609502    0 0 0
NI   9.758125603  11.266634395   1.455609502    0 0 0
NI   6.101264812   0.710186583   1.455609502    0 0 0
NI   7.320218409   2.821476145   1.455609502    0 0 0
NI   8.539172006   4.932765708   1.455609502    0 0 0
NI   9.758125604   7.044055271   1.455609502    0 0 0
NI  10.977079200   9.155344832   1.455609502    0 0 0
NI  12.196032798  11.266634395   1.455609502    0 0 0
NI   8.539172007   0.710186583   1.455609502    0 0 0
NI   9.758125604   2.821476145   1.455609502    0 0 0
NI  10.977079201   4.932765708   1.455609502    0 0 0
NI  12.196032799   7.044055271   1.455609502    0 0 0
NI  13.414986396   9.155344832   1.455609502    0 0 0
NI  14.633939993  11.266634395   1.455609502    0 0 0
NI  10.977079200   0.710186583   1.455609502    0 0 0
NI  12.196032797   2.821476145   1.455609502    0 0 0
NI  13.414986395   4.932765708   1.455609502    0 0 0
NI  14.633939992   7.044055271   1.455609502    0 0 0
NI  15.852893589   9.155344832   1.455609502    0 0 0
NI  17.071847187  11.266634395   1.455609502    0 0 0
NI  13.414986396   0.710186583   1.455609502    0 0 0
NI  14.633939992   2.821476145   1.455609502    0 0 0
NI  15.852893590   4.932765708   1.455609502    0 0 0
NI  17.071847187   7.044055271   1.455609502    0 0 0
NI  18.290800784   9.155344832   1.455609502    0 0 0
NI  19.509754382  11.266634395   1.455609502    0 0 0
NI  13.452566399   7.763149077   3.405674336
NI  14.646303394   9.830249879   3.396805721
NI  15.839018762   7.766084331   3.393066728
NI  12.243487022   9.835637696   3.442051802
NI  14.644039124   5.688755307   3.423364030
NI  17.035004490   9.832547547   3.411552219
NI  11.025065989   7.753024280   3.456376743
NI  13.441016881  11.923128987   3.437927251
NI  12.233525020   5.673288808   3.434498100
NI  15.842438361  11.918258975   3.427267781
NI  17.046233736   5.682333380   3.431865005
NI  18.241036496   7.758988852   3.425289769
NI   9.791043370   9.844596440   3.477117529
NI  11.014057466  11.945330629   3.463470351
NI  13.425579460   3.567645677   3.461078211
NI  18.255197354  11.933548236   3.450566842
NI  15.850292845   3.573920276   3.455147991
NI  19.464025946   9.840323894   3.459856268
NI   4.846273134   5.661640685   3.450444837
NI   7.325948558   1.373280499   3.459169649
NI   9.787180348   5.652384253   3.471234286
NI   3.652301451   3.554452348   3.471962209
NI   6.067988724   7.748507325   3.476338084
NI   4.899575672   1.393186382   3.477390451
NI   8.554085545   7.746096343   3.479089655
NI   9.744656746   1.382382804   3.469047007
NI  10.988677836   3.540558616   3.475429696
NI   2.457450346   1.420343385   3.490789806
NI   7.310993661   9.846244586   3.487317752
NI  12.181957762   1.411189012   3.481423211
NI   6.094716459   3.524604090   3.480812561
NI   7.311198489   5.645570287   3.486383636
NI   8.542900015   3.515833367   3.488833807
NI   8.549984807  11.959336272   3.491922212
NI  14.630048901   1.429910600   3.497146570
NI  20.701743580  11.955826177   3.479332883
AG  -0.095022873  -0.025939380   5.791430301
AG   5.777478083   5.042390576   5.773380981
AG   7.207433522   2.547367486   5.774379592
AG   8.655914287   5.056568209   5.768808625
AG   1.352836577   2.470886921   5.779008050
AG   5.806111569  10.163128991   5.819709757
AG   2.779157763  -0.022317115   5.802837550
AG   8.647389292  10.147125104   5.846043736
AG  11.634881667   0.017189903   5.798828945
AG  13.065590443   2.490488199   5.788966268
AG   4.271931867   2.502080888   5.793568891
AG   7.236596391   7.615680872   5.820303601
AG  10.131821564   2.537674201   5.787645814
AG   2.852013218   4.994210994   5.820443503
AG   4.354460196   7.576972161   5.818649697
AG   5.712014002   0.028802392   5.815073110
AG  10.061861314   7.615356937   5.830978177
AG   8.683887958   0.043839929   5.815137339
AG  11.552008877   5.031383625   5.793682878
AG  11.509131857  10.166291594   5.843407347
AG  14.508907649   4.988078433   5.828460858
AG  17.508514951  10.150614289   5.839851249
AG  12.996381302   7.574708543   5.843404761
AG  14.496236863  10.151703923   5.852363004
AG  16.007553233   7.554706438   5.857451463
AG   5.741320910   3.362662344   8.086834870
AG   7.198312233   5.884821122   8.099067646
AG   8.668257473   3.370242593   8.090734699
AG   4.287102610   5.888193470   8.106184166
AG   7.205205054   0.841630930   8.102487798
AG  10.137479427   5.882341013   8.103684499
AG   1.349467674   0.849120768   8.107023707
AG   7.140788411  11.023888328   8.171705914
AG  13.051400885   0.855490624   8.117907883
AG   2.815008666   3.349278229   8.116857389
AG   5.732423844   8.440649747   8.112560519
AG   4.279374560   0.846696417   8.119750235
AG   8.662797954   8.363213688   8.182453678
AG  10.137827566   0.844474783   8.107779322
AG  11.597828436   3.365010296   8.099018648
AG  11.599921074   8.428984464   8.119166316
AG  13.065756662  10.973190971   8.129725751
AG  13.056550014   5.883460309   8.114267626
AG  15.989280054  10.974842262   8.110894168
AG  15.988860939   5.876163703   8.122426671
AG  17.456428982   8.430873446   8.119976642
AG  10.184665353  11.016640849   8.181485144
AG  14.524722202   3.350181878   8.118372106
AG  18.900075524  10.985637632   8.132850354
AG  14.524050084   8.423609385   8.119813439
O  11.591072913   6.773362229   9.692547682
H  11.594549154   6.780102938  10.665185541
