ATOMIC_POSITIONS angstrom
NI   0.000000000   0.000000000   1.190000073 0 0 0
NI   1.228649605   2.128083541   1.190000073 0 0 0
NI   2.457299210   4.256167081   1.190000073 0 0 0
NI   3.685948815   6.384250622   1.190000073 0 0 0
NI   4.914598420   8.512334162   1.190000073 0 0 0
NI   2.457299210   0.000000000   1.190000073 0 0 0
NI   3.685948815   2.128083541   1.190000073 0 0 0
NI   4.914598420   4.256167081   1.190000073 0 0 0
NI   6.143248025   6.384250622   1.190000073 0 0 0
NI   7.371897630   8.512334162   1.190000073 0 0 0
NI   4.914598420   0.000000000   1.190000073 0 0 0
NI   6.143248025   2.128083541   1.190000073 0 0 0
NI   7.371897630   4.256167081   1.190000073 0 0 0
NI   8.600547235   6.384250622   1.190000073 0 0 0
NI   9.829196840   8.512334162   1.190000073 0 0 0
NI   7.371897630   0.000000000   1.190000073 0 0 0
NI   8.600547235   2.128083541   1.190000073 0 0 0
NI   9.829196840   4.256167081   1.190000073 0 0 0
NI  11.057846445   6.384250622   1.190000073 0 0 0
NI  12.286496050   8.512334162   1.190000073 0 0 0
NI   9.829196840   0.000000000   1.190000073 0 0 0
NI  11.057846445   2.128083541   1.190000073 0 0 0
NI  12.286496050   4.256167081   1.190000073 0 0 0
NI  13.515145655   6.384250622   1.190000073 0 0 0
NI  14.743795260   8.512334162   1.190000073 0 0 0
NI   1.228152851   0.707271625   3.198429391 1 1 1
NI   2.456862220   2.835861110   3.200114459 1 1 1
NI   3.686319679   4.963422772   3.198002845 1 1 1
NI   4.915631087   7.092496071   3.198218711 1 1 1
NI   6.143875691   9.219306923   3.200495621 1 1 1
NI   3.685554421   0.707669561   3.200430058 1 1 1
NI   4.918168084   2.838327540   3.201962697 1 1 1
NI   6.146411335   4.963059563   3.207040774 1 1 1
NI   7.372318181   7.086987840   3.204060931 1 1 1
NI   8.599829259   9.218490100   3.201662917 1 1 1
NI   6.142088232   0.708674658   3.197602175 1 1 1
NI   7.372376018   2.839526245   3.205873031 1 1 1
NI   8.597374929   4.963174962   3.207672855 1 1 1
NI   9.827158566   7.091995951   3.199978112 1 1 1
NI  11.057352999   9.219996155   3.200714103 1 1 1
NI   8.601074111   0.708815880   3.198017244 1 1 1
NI   9.824649444   2.839274056   3.203383033 1 1 1
NI  11.056197637   4.963409355   3.199950978 1 1 1
NI  12.286055565   7.092041796   3.201024555 1 1 1
NI  13.515141094   9.220482987   3.201237563 1 1 1
NI  11.057748123   0.708433697   3.200104982 1 1 1
NI  12.284898584   2.836079405   3.201074008 1 1 1
NI  13.514649341   4.964029851   3.200951067 1 1 1
NI  14.743889782   7.092033325   3.201158296 1 1 1
NI  15.972620964   9.220441484   3.201098242 1 1 1
NI   2.454885159   1.415625023   5.211629843 1 1 1
NI   3.684388913   3.542419891   5.208759099 1 1 1
NI   4.913467940   5.674030849   5.204531876 1 1 1
NI   6.144348969   7.800369002   5.210671979 1 1 1
NI   7.370986677   9.929325282   5.213462404 1 1 1
NI   4.912446390   1.417240694   5.210116865 1 1 1
NI   6.156167097   3.552131270   5.239342526 1 1 1
NI   7.371288832   5.654447300   5.247075875 1 1 1
NI   8.598096030   7.798005192   5.215064333 1 1 1
NI   9.828135321   9.928167193   5.213355583 1 1 1
NI   7.371175387   1.415570919   5.202953473 1 1 1
NI   8.584688239   3.554038317   5.243785492 1 1 1
NI   9.828474119   5.673141879   5.209244247 1 1 1
NI  11.056992416   7.800352528   5.213229633 1 1 1
NI  12.285705048   9.929481327   5.212957467 1 1 1
NI   9.830068056   1.417897424   5.208576205 1 1 1
NI  11.055234874   3.543381463   5.212886499 1 1 1
NI  12.285221301   5.672057345   5.213186682 1 1 1
NI  13.514735266   7.800961966   5.213709359 1 1 1
NI  14.744065414   9.929998649   5.213223103 1 1 1
NI  12.286238504   1.416151029   5.214199169 1 1 1
NI  13.513514726   3.543863142   5.213743417 1 1 1
NI  14.743182368   5.671707653   5.213130824 1 1 1
NI  15.972696941   7.801266169   5.212873219 1 1 1
NI  17.201339802   9.929540904   5.213546745 1 1 1
NI  -0.000857766  -0.002445248   7.227036430 1 1 1
NI   1.227124864   2.124400788   7.224472675 1 1 1
NI   2.451089356   4.252912701   7.229098046 1 1 1
NI   3.681182386   6.383632161   7.227042099 1 1 1
NI   4.912027452   8.512753524   7.226021104 1 1 1
NI   2.455673322  -0.002665755   7.222820122 1 1 1
NI   3.683205838   2.124108337   7.223779285 1 1 1
NI   4.892419145   4.256781804   7.195408043 1 1 1
NI   6.131148116   6.393532330   7.205298821 1 1 1
NI   7.370476769   8.510587163   7.223737045 1 1 1
NI   4.911731684  -0.006902408   7.228482530 1 1 1
NI   6.136002116   2.106354291   7.199656721 1 1 1
NI   7.370614409   4.250888424   7.416045378 1 1 1
NI   8.607961499   6.389001018   7.215599377 1 1 1
NI   9.829734196   8.510708265   7.226068890 1 1 1
NI   7.371526681  -0.006536751   7.228046801 1 1 1
NI   8.605418712   2.109389286   7.199580831 1 1 1
NI   9.841273192   4.256271797   7.210011710 1 1 1
NI  11.058996269   6.382312542   7.228441013 1 1 1
NI  12.286079575   8.509185147   7.222722870 1 1 1
NI   9.830214308  -0.004744605   7.227931868 1 1 1
NI  11.055847926   2.125318723   7.227004035 1 1 1
NI  12.286568719   4.252886717   7.226255411 1 1 1
NI  13.513781826   6.381764680   7.222617984 1 1 1
NI  14.742486759   8.509515512   7.221519643 1 1 1
O   7.368738269   4.246995739   9.209129137 1 1 1
H   7.368738269   4.246995739  10.209129137 1 1 1
