Ni   0.49928728   0.00021513   0.34419389  0 0 0
Ni   0.49923551   0.25033941   0.34427678  0 0 0
Ni   0.49929315   0.50024362   0.34431152  0 0 0
Ni   0.49930009   0.75013650   0.34425701  0 0 0
Ni   0.74917921   0.00027923   0.34418395  0 0 0
Ni   0.74921787   0.25028005   0.34424514  0 0 0
Ni   0.74932427   0.50012953   0.34428044  0 0 0
Ni   0.74929577   0.75017093   0.34421792  0 0 0
Ni   0.16562017   0.16707773   0.39681796  0 0 0
Ni   0.16563108   0.41697711   0.39687829  0 0 0
Ni   0.16563400   0.66702319   0.39685909  0 0 0
Ni   0.16555281   0.91714595   0.39675014  0 0 0
Ni   0.41558299   0.16704802   0.39681795  0 0 0
Ni   0.41555361   0.41714140   0.39691940  0 0 0
Ni   0.41550619   0.66708169   0.39690343  0 0 0
Ni   0.41556124   0.91705035   0.39679892  0 0 0
Ni   0.66551313   0.16710322   0.39683912  0 0 0
Ni   0.66558412   0.41695546   0.39693689  0 0 0
Ni   0.66557804   0.66700961   0.39685816  0 0 0
Ni   0.66549379   0.91713910   0.39677980  0 0 0
Ni   0.91553102   0.16708541   0.39682946  0 0 0
Ni   0.91558012   0.41695916   0.39693454  0 0 0
Ni   0.91560174   0.66694784   0.39681131  0 0 0
Ni   0.91555382   0.91706195   0.39670693  0 0 0
Ni   0.08202749   0.08393898   0.44990512  0 0 0
Ni   0.08203936   0.33387583   0.45004807  0 0 0
Ni   0.08192636   0.58402964   0.44998757  0 0 0
Ni   0.08198760   0.83397723   0.44985098  0 0 0
Ni   0.33205426   0.08377074   0.44995256  0 0 0
Ni   0.33193464   0.33391284   0.45004780  0 0 0
Ni   0.33176352   0.58417476   0.45012245  0 0 0
Ni   0.33191064   0.83405291   0.44995188  0 0 0
Ni   0.58217014   0.08363211   0.44996514  0 0 0
Ni   0.58215473   0.33374800   0.45011780  0 0 0
Ni   0.58202219   0.58404685   0.45005403  0 0 0
Ni   0.58199544   0.83408974   0.44993143  0 0 0
Ni   0.83215276   0.08378002   0.44990706  0 0 0
Ni   0.83218216   0.33372974   0.45010642  0 0 0
Ni   0.83211615   0.58390653   0.45003025  0 0 0
Ni   0.83198261   0.83396476   0.44983465  0 0 0
O    0.52138619   0.46196364   0.55370581  1 1 1
O    0.53339471   0.63476038   0.49867888  1 1 1
O    0.53642980   0.57170931   0.61903798  1 1 1
C    0.54596506   0.59138689   0.55880631  1 1 1
C    0.62875837   0.61252493   0.52810623  1 1 1
C    0.63987442   0.55838789   0.59156640  1 1 1
H    0.42905505   0.69673127   0.56035270  1 1 1
H    0.74887025   0.51152257   0.52627540  1 1 1
H    0.62950555   0.72344779   0.53039382  1 1 1
H    0.67333082   0.64986858   0.59321253  1 1 1
H    0.74729928   0.44100440   0.59204466  1 1 1
H    0.62173871   0.36376889   0.55405246  1 1 1
H    0.40836575   0.50288959   0.50419727  1 1 1
H    0.60100126   0.54578976   0.63971381  1 1 1
INTERMEDIATE_IMAGE
ATOMIC_POSITIONS crystal
Ni   0.08333333   0.08333329   0.29108879  0 0 0
Ni   0.08333331   0.33333317   0.29108879  0 0 0
Ni   0.08333330   0.58333305   0.29108879  0 0 0
Ni   0.08333328   0.83333293   0.29108879  0 0 0
Ni   0.33333333   0.08333329   0.29108879  0 0 0
Ni   0.33333332   0.33333317   0.29108879  0 0 0
Ni   0.33333330   0.58333305   0.29108879  0 0 0
Ni   0.33333329   0.83333293   0.29108879  0 0 0
Ni   0.58333333   0.08333329   0.29108879  0 0 0
Ni   0.58333332   0.33333317   0.29108879  0 0 0
Ni   0.58333330   0.58333305   0.29108879  0 0 0
Ni   0.58333329   0.83333293   0.29108879  0 0 0
Ni   0.83333333   0.08333329   0.29108879  0 0 0
Ni   0.83333332   0.33333317   0.29108879  0 0 0
Ni   0.83333330   0.58333305   0.29108879  0 0 0
Ni   0.83333329   0.83333293   0.29108879  0 0 0
Ni   0.99924201   0.00029364   0.34419230  0 0 0
Ni   0.99925981   0.25025121   0.34425347  0 0 0
Ni   0.99929097   0.50010583   0.34424709  0 0 0
Ni   0.99935765   0.75009180   0.34421479  0 0 0
Ni   0.24931014   0.00025446   0.34420053  0 0 0
Ni   0.24929585   0.25026435   0.34423808  0 0 0
Ni   0.24930701   0.50020735   0.34427210  0 0 0
Ni   0.24930217   0.75017982   0.34421646  0 0 0
Ni   0.49928728   0.00021513   0.34419389  0 0 0
Ni   0.49923551   0.25033941   0.34427678  0 0 0
Ni   0.49929315   0.50024362   0.34431152  0 0 0
Ni   0.49930009   0.75013650   0.34425701  0 0 0
Ni   0.74917921   0.00027923   0.34418395  0 0 0
Ni   0.74921787   0.25028005   0.34424514  0 0 0
Ni   0.74932427   0.50012953   0.34428044  0 0 0
Ni   0.74929577   0.75017093   0.34421792  0 0 0
Ni   0.16562017   0.16707773   0.39681796  0 0 0
Ni   0.16563108   0.41697711   0.39687829  0 0 0
Ni   0.16563400   0.66702319   0.39685909  0 0 0
Ni   0.16555281   0.91714595   0.39675014  0 0 0
Ni   0.41558299   0.16704802   0.39681795  0 0 0
Ni   0.41555361   0.41714140   0.39691940  0 0 0
Ni   0.41550619   0.66708169   0.39690343  0 0 0
Ni   0.41556124   0.91705035   0.39679892  0 0 0
Ni   0.66551313   0.16710322   0.39683912  0 0 0
Ni   0.66558412   0.41695546   0.39693689  0 0 0
Ni   0.66557804   0.66700961   0.39685816  0 0 0
Ni   0.66549379   0.91713910   0.39677980  0 0 0
Ni   0.91553102   0.16708541   0.39682946  0 0 0
Ni   0.91558012   0.41695916   0.39693454  0 0 0
Ni   0.91560174   0.66694784   0.39681131  0 0 0
Ni   0.91555382   0.91706195   0.39670693  0 0 0
Ni   0.08202749   0.08393898   0.44990512  0 0 0
Ni   0.08203936   0.33387583   0.45004807  0 0 0
Ni   0.08192636   0.58402964   0.44998757  0 0 0
Ni   0.08198760   0.83397723   0.44985098  0 0 0
Ni   0.33205426   0.08377074   0.44995256  0 0 0
Ni   0.33193464   0.33391284   0.45004780  0 0 0
Ni   0.33176352   0.58417476   0.45012245  0 0 0
Ni   0.33191064   0.83405291   0.44995188  0 0 0
Ni   0.58217014   0.08363211   0.44996514  0 0 0
Ni   0.58215473   0.33374800   0.45011780  0 0 0
Ni   0.58202219   0.58404685   0.45005403  0 0 0
Ni   0.58199544   0.83408974   0.44993143  0 0 0
Ni   0.83215276   0.08378002   0.44990706  0 0 0
Ni   0.83218216   0.33372974   0.45010642  0 0 0
Ni   0.83211615   0.58390653   0.45003025  0 0 0
Ni   0.83198261   0.83396476   0.44983465  0 0 0
O    0.52256127   0.46171658   0.54067680  1 1 1
O    0.52083793   0.67415702   0.49373608  1 1 1
O    0.47892387   0.56351890   0.60970168  1 1 1
C    0.51127480   0.60431252   0.55155071  1 1 1
C    0.59476042   0.65350606   0.52596129  1 1 1
C    0.58695174   0.57459018   0.58666221  1 1 1
H    0.38655690   0.69507321   0.55086301  1 1 1
H    0.72134861   0.56755381   0.52659730  1 1 1
H    0.56957689   0.77276923   0.53236313  1 1 1
H    0.59791474   0.67874942   0.59232832  1 1 1
H    0.70367224   0.46674528   0.58836480  1 1 1
H    0.63200802   0.37759012   0.54041211  1 1 1
H    0.32052918   0.46956195   0.50105929  1 1 1
H    0.53640784   0.53223777   0.63144405  1 1 1
INTERMEDIATE_IMAGE
ATOMIC_POSITIONS crystal
Ni   0.08333333   0.08333329   0.29108879  0 0 0
Ni   0.08333331   0.33333317   0.29108879  0 0 0
Ni   0.08333330   0.58333305   0.29108879  0 0 0
Ni   0.08333328   0.83333293   0.29108879  0 0 0
Ni   0.33333333   0.08333329   0.29108879  0 0 0
Ni   0.33333332   0.33333317   0.29108879  0 0 0
Ni   0.33333330   0.58333305   0.29108879  0 0 0
Ni   0.33333329   0.83333293   0.29108879  0 0 0
Ni   0.58333333   0.08333329   0.29108879  0 0 0
Ni   0.58333332   0.33333317   0.29108879  0 0 0
Ni   0.58333330   0.58333305   0.29108879  0 0 0
Ni   0.58333329   0.83333293   0.29108879  0 0 0
Ni   0.83333333   0.08333329   0.29108879  0 0 0
Ni   0.83333332   0.33333317   0.29108879  0 0 0
Ni   0.83333330   0.58333305   0.29108879  0 0 0
Ni   0.83333329   0.83333293   0.29108879  0 0 0
Ni   0.99924201   0.00029364   0.34419230  0 0 0
Ni   0.99925981   0.25025121   0.34425347  0 0 0
Ni   0.99929097   0.50010583   0.34424709  0 0 0
Ni   0.99935765   0.75009180   0.34421479  0 0 0
Ni   0.24931014   0.00025446   0.34420053  0 0 0
Ni   0.24929585   0.25026435   0.34423808  0 0 0
Ni   0.24930701   0.50020735   0.34427210  0 0 0
Ni   0.24930217   0.75017982   0.34421646  0 0 0
Ni   0.49928728   0.00021513   0.34419389  0 0 0
Ni   0.49923551   0.25033941   0.34427678  0 0 0
Ni   0.49929315   0.50024362   0.34431152  0 0 0
Ni   0.49930009   0.75013650   0.34425701  0 0 0
Ni   0.74917921   0.00027923   0.34418395  0 0 0
Ni   0.74921787   0.25028005   0.34424514  0 0 0
Ni   0.74932427   0.50012953   0.34428044  0 0 0
Ni   0.74929577   0.75017093   0.34421792  0 0 0
Ni   0.16562017   0.16707773   0.39681796  0 0 0
Ni   0.16563108   0.41697711   0.39687829  0 0 0
Ni   0.16563400   0.66702319   0.39685909  0 0 0
Ni   0.16555281   0.91714595   0.39675014  0 0 0
Ni   0.41558299   0.16704802   0.39681795  0 0 0
Ni   0.41555361   0.41714140   0.39691940  0 0 0
Ni   0.41550619   0.66708169   0.39690343  0 0 0
Ni   0.41556124   0.91705035   0.39679892  0 0 0
Ni   0.66551313   0.16710322   0.39683912  0 0 0
Ni   0.66558412   0.41695546   0.39693689  0 0 0
Ni   0.66557804   0.66700961   0.39685816  0 0 0
Ni   0.66549379   0.91713910   0.39677980  0 0 0
Ni   0.91553102   0.16708541   0.39682946  0 0 0
Ni   0.91558012   0.41695916   0.39693454  0 0 0
Ni   0.91560174   0.66694784   0.39681131  0 0 0
Ni   0.91555382   0.91706195   0.39670693  0 0 0
Ni   0.08202749   0.08393898   0.44990512  0 0 0
Ni   0.08203936   0.33387583   0.45004807  0 0 0
Ni   0.08192636   0.58402964   0.44998757  0 0 0
Ni   0.08198760   0.83397723   0.44985098  0 0 0
Ni   0.33205426   0.08377074   0.44995256  0 0 0
Ni   0.33193464   0.33391284   0.45004780  0 0 0
Ni   0.33176352   0.58417476   0.45012245  0 0 0
Ni   0.33191064   0.83405291   0.44995188  0 0 0
Ni   0.58217014   0.08363211   0.44996514  0 0 0
Ni   0.58215473   0.33374800   0.45011780  0 0 0
Ni   0.58202219   0.58404685   0.45005403  0 0 0
Ni   0.58199544   0.83408974   0.44993143  0 0 0
Ni   0.83215276   0.08378002   0.44990706  0 0 0
Ni   0.83218216   0.33372974   0.45010642  0 0 0
Ni   0.83211615   0.58390653   0.45003025  0 0 0
Ni   0.83198261   0.83396476   0.44983465  0 0 0
O    0.52160675   0.46697716   0.52838225  1 1 1
O    0.51098576   0.71306156   0.48929816  1 1 1
O    0.42534266   0.55463841   0.59874888  1 1 1
C    0.48028563   0.61503064   0.54356042  1 1 1
C    0.55560652   0.69446853   0.52426170  1 1 1
C    0.53086997   0.59048629   0.58092407  1 1 1
H    0.35266937   0.68905673   0.54018340  1 1 1
H    0.68390587   0.62626262   0.52781672  1 1 1
H    0.50648463   0.81537673   0.53381537  1 1 1
H    0.51905370   0.70217688   0.59025507  1 1 1
H    0.65357771   0.49464834   0.58440014  1 1 1
H    0.63627112   0.40279210   0.52790867  1 1 1
H    0.23637976   0.45137810   0.49296402  1 1 1
H    0.47289086   0.51836509   0.62139635  1 1 1
LAST_IMAGE
ATOMIC_POSITIONS crystal
Ni   0.08333333   0.08333329   0.29108879  0 0 0
Ni   0.08333331   0.33333317   0.29108879  0 0 0
Ni   0.08333330   0.58333305   0.29108879  0 0 0
Ni   0.08333328   0.83333293   0.29108879  0 0 0
Ni   0.33333333   0.08333329   0.29108879  0 0 0
Ni   0.33333332   0.33333317   0.29108879  0 0 0
Ni   0.33333330   0.58333305   0.29108879  0 0 0
Ni   0.33333329   0.83333293   0.29108879  0 0 0
Ni   0.58333333   0.08333329   0.29108879  0 0 0
Ni   0.58333332   0.33333317   0.29108879  0 0 0
Ni   0.58333330   0.58333305   0.29108879  0 0 0
Ni   0.58333329   0.83333293   0.29108879  0 0 0
Ni   0.83333333   0.08333329   0.29108879  0 0 0
Ni   0.83333332   0.33333317   0.29108879  0 0 0
Ni   0.83333330   0.58333305   0.29108879  0 0 0
Ni   0.83333329   0.83333293   0.29108879  0 0 0
Ni   0.99924201   0.00029364   0.34419230  0 0 0
Ni   0.99925981   0.25025121   0.34425347  0 0 0
Ni   0.99929097   0.50010583   0.34424709  0 0 0
Ni   0.99935765   0.75009180   0.34421479  0 0 0
Ni   0.24931014   0.00025446   0.34420053  0 0 0
Ni   0.24929585   0.25026435   0.34423808  0 0 0
Ni   0.24930701   0.50020735   0.34427210  0 0 0
Ni   0.24930217   0.75017982   0.34421646  0 0 0
Ni   0.49928728   0.00021513   0.34419389  0 0 0
Ni   0.49923551   0.25033941   0.34427678  0 0 0
Ni   0.49929315   0.50024362   0.34431152  0 0 0
Ni   0.49930009   0.75013650   0.34425701  0 0 0
Ni   0.74917921   0.00027923   0.34418395  0 0 0
Ni   0.74921787   0.25028005   0.34424514  0 0 0
Ni   0.74932427   0.50012953   0.34428044  0 0 0
Ni   0.74929577   0.75017093   0.34421792  0 0 0
Ni   0.16562017   0.16707773   0.39681796  0 0 0
Ni   0.16563108   0.41697711   0.39687829  0 0 0
Ni   0.16563400   0.66702319   0.39685909  0 0 0
Ni   0.16555281   0.91714595   0.39675014  0 0 0
Ni   0.41558299   0.16704802   0.39681795  0 0 0
Ni   0.41555361   0.41714140   0.39691940  0 0 0
Ni   0.41550619   0.66708169   0.39690343  0 0 0
Ni   0.41556124   0.91705035   0.39679892  0 0 0
Ni   0.66551313   0.16710322   0.39683912  0 0 0
Ni   0.66558412   0.41695546   0.39693689  0 0 0
Ni   0.66557804   0.66700961   0.39685816  0 0 0
Ni   0.66549379   0.91713910   0.39677980  0 0 0
Ni   0.91553102   0.16708541   0.39682946  0 0 0
Ni   0.91558012   0.41695916   0.39693454  0 0 0
Ni   0.91560174   0.66694784   0.39681131  0 0 0
Ni   0.91555382   0.91706195   0.39670693  0 0 0
Ni   0.08202749   0.08393898   0.44990512  0 0 0
Ni   0.08203936   0.33387583   0.45004807  0 0 0
Ni   0.08192636   0.58402964   0.44998757  0 0 0
Ni   0.08198760   0.83397723   0.44985098  0 0 0
Ni   0.33205426   0.08377074   0.44995256  0 0 0
Ni   0.33193464   0.33391284   0.45004780  0 0 0
Ni   0.33176352   0.58417476   0.45012245  0 0 0
Ni   0.33191064   0.83405291   0.44995188  0 0 0
Ni   0.58217014   0.08363211   0.44996514  0 0 0
Ni   0.58215473   0.33374800   0.45011780  0 0 0
Ni   0.58202219   0.58404685   0.45005403  0 0 0
Ni   0.58199544   0.83408974   0.44993143  0 0 0
Ni   0.83215276   0.08378002   0.44990706  0 0 0
Ni   0.83218216   0.33372974   0.45010642  0 0 0
Ni   0.83211615   0.58390653   0.45003025  0 0 0
Ni   0.83198261   0.83396476   0.44983465  0 0 0
O    0.52071514   0.47866516   0.51805307  1 1 1
O    0.49949597   0.74978389   0.48564463  1 1 1
O    0.37584644   0.54862992   0.58730933  1 1 1
C    0.45206411   0.62727865   0.53553315  1 1 1
C    0.51413446   0.73261915   0.52231519  1 1 1
C    0.47387661   0.60641779   0.57458598  1 1 1
H    0.32579222   0.68326097   0.52954289  1 1 1
H    0.63979923   0.68243038   0.52868346  1 1 1
H    0.44717065   0.84991687   0.53413332  1 1 1
H    0.44256687   0.72040620   0.58674209  1 1 1
H    0.59916469   0.52351875   0.58003047  1 1 1
H    0.63467940   0.43300446   0.51638990  1 1 1
H    0.16487478   0.41713899   0.47547362  1 1 1
H    0.41077119   0.50707075   0.61041281  1 1 1
END_POSITIONS



END_ENGINE_INPUT
END
