ATOMIC_POSITIONS crystal
Ni   0.08333333   0.08333329   0.29108879  0 0 0
Ni   0.08333331   0.33333317   0.29108879  0 0 0
Ni   0.08333330   0.58333305   0.29108879  0 0 0
Ni   0.08333328   0.83333293   0.29108879  0 0 0
Ni   0.33333333   0.08333329   0.29108879  0 0 0
Ni   0.33333332   0.33333317   0.29108879  0 0 0
Ni   0.33333330   0.58333305   0.29108879  0 0 0
Ni   0.33333329   0.83333293   0.29108879  0 0 0
Ni   0.58333333   0.08333329   0.29108879  0 0 0
Ni   0.58333332   0.33333317   0.29108879  0 0 0
Ni   0.58333330   0.58333305   0.29108879  0 0 0
Ni   0.58333329   0.83333293   0.29108879  0 0 0
Ni   0.83333333   0.08333329   0.29108879  0 0 0
Ni   0.83333332   0.33333317   0.29108879  0 0 0
Ni   0.83333330   0.58333305   0.29108879  0 0 0
Ni   0.83333329   0.83333293   0.29108879  0 0 0
Ni   0.99924201   0.00029364   0.34419230  0 0 0
Ni   0.99925981   0.25025121   0.34425347  0 0 0
Ni   0.99929097   0.50010583   0.34424709  0 0 0
Ni   0.99935765   0.75009180   0.34421479  0 0 0
Ni   0.24931014   0.00025446   0.34420053  0 0 0
Ni   0.24929585   0.25026435   0.34423808  0 0 0
Ni   0.24930701   0.50020735   0.34427210  0 0 0
Ni   0.24930217   0.75017982   0.34421646  0 0 0
Ni   0.49928728   0.00021513   0.34419389  0 0 0
Ni   0.49923551   0.25033941   0.34427678  0 0 0
Ni   0.49929315   0.50024362   0.34431152  0 0 0
Ni   0.49930009   0.75013650   0.34425701  0 0 0
Ni   0.74917921   0.00027923   0.34418395  0 0 0
Ni   0.74921787   0.25028005   0.34424514  0 0 0
Ni   0.74932427   0.50012953   0.34428044  0 0 0
Ni   0.74929577   0.75017093   0.34421792  0 0 0
Ni   0.16562017   0.16707773   0.39681796  0 0 0
Ni   0.16563108   0.41697711   0.39687829  0 0 0
Ni   0.16563400   0.66702319   0.39685909  0 0 0
Ni   0.16555281   0.91714595   0.39675014  0 0 0
Ni   0.41558299   0.16704802   0.39681795  0 0 0
Ni   0.41555361   0.41714140   0.39691940  0 0 0
Ni   0.41550619   0.66708169   0.39690343  0 0 0
Ni   0.41556124   0.91705035   0.39679892  0 0 0
Ni   0.66551313   0.16710322   0.39683912  0 0 0
Ni   0.66558412   0.41695546   0.39693689  0 0 0
Ni   0.66557804   0.66700961   0.39685816  0 0 0
Ni   0.66549379   0.91713910   0.39677980  0 0 0
Ni   0.91553102   0.16708541   0.39682946  0 0 0
Ni   0.91558012   0.41695916   0.39693454  0 0 0
Ni   0.91560174   0.66694784   0.39681131  0 0 0
Ni   0.91555382   0.91706195   0.39670693  0 0 0
Ni   0.08202749   0.08393898   0.44990512  1 1 1
Ni   0.08203936   0.33387583   0.45004807  1 1 1
Ni   0.08192636   0.58402964   0.44998757  1 1 1
Ni   0.08198760   0.83397723   0.44985098  1 1 1
Ni   0.33205426   0.08377074   0.44995256  1 1 1
Ni   0.33193464   0.33391284   0.45004780  1 1 1
Ni   0.33176352   0.58417476   0.45012245  1 1 1
Ni   0.33191064   0.83405291   0.44995188  1 1 1
Ni   0.58217014   0.08363211   0.44996514  1 1 1
Ni   0.58215473   0.33374800   0.45011780  1 1 1
Ni   0.58202219   0.58404685   0.45005403  1 1 1
Ni   0.58199544   0.83408974   0.44993143  1 1 1
Ni   0.83215276   0.08378002   0.44990706  1 1 1
Ni   0.83218216   0.33372974   0.45010642  1 1 1
Ni   0.83211615   0.58390653   0.45003025  1 1 1
Ni   0.83198261   0.83396476   0.44983465  1 1 1
O    0.52071514   0.47866516   0.51805307  1 1 1
O    0.49949597   0.74978389   0.48564463  1 1 1
O    0.37584644   0.54862992   0.58730933  1 1 1
C    0.45206411   0.62727865   0.53553315  1 1 1
C    0.51413446   0.73261915   0.52231519  1 1 1
C    0.47387661   0.60641779   0.57458598  1 1 1
H    0.32579222   0.68326097   0.52954289  1 1 1
H    0.63979923   0.68243038   0.52868346  1 1 1
H    0.44717065   0.84991687   0.53413332  1 1 1
H    0.44256687   0.72040620   0.58674209  1 1 1
H    0.59916469   0.52351875   0.58003047  1 1 1
H    0.63467940   0.43300446   0.51638990  1 1 1
H    0.16487478   0.41713899   0.47547362  1 1 1
H    0.41077119   0.50707075   0.61041281  1 1 1
