ATOMIC_POSITIONS (angstrom)
AG               0.0000000000        0.0000000000        1.6400000000    0   0   0
AG               2.9022182150        0.0000000000        1.6400000000    0   0   0
AG               5.8044364290        0.0000000000        1.6400000000    0   0   0
AG               8.7066546440        0.0000000000        1.6400000000    0   0   0
AG              11.6088728580        0.0000000000        1.6400000000    0   0   0
AG               1.4511091070        2.5133947010        1.6400000000    0   0   0
AG               4.3533273220        2.5133947010        1.6400000000    0   0   0
AG               7.2555455360        2.5133947010        1.6400000000    0   0   0
AG              10.1577637510        2.5133947010        1.6400000000    0   0   0
AG              13.0599819660        2.5133947010        1.6400000000    0   0   0
AG               2.9022182150        5.0267894020        1.6400000000    0   0   0
AG               5.8044364290        5.0267894020        1.6400000000    0   0   0
AG               8.7066546440        5.0267894020        1.6400000000    0   0   0
AG              11.6088728580        5.0267894020        1.6400000000    0   0   0
AG              14.5110910730        5.0267894020        1.6400000000    0   0   0
AG               4.3533273220        7.5401841030        1.6400000000    0   0   0
AG               7.2555455360        7.5401841030        1.6400000000    0   0   0
AG              10.1577637510        7.5401841030        1.6400000000    0   0   0
AG              13.0599819660        7.5401841030        1.6400000000    0   0   0
AG              15.9622001800        7.5401841030        1.6400000000    0   0   0
AG              20.3155275020       10.0535788050        1.6400000000    0   0   0
AG               8.7066546440       10.0535788050        1.6400000000    0   0   0
AG              11.6088728580       10.0535788050        1.6400000000    0   0   0
AG              14.5110910730       10.0535788050        1.6400000000    0   0   0
AG              17.4133092870       10.0535788050        1.6400000000    0   0   0
AG               1.4452555498        0.8124983736        3.9711531681
AG               4.3491309016        0.8247376443        3.9694623917
AG               7.2474004157        0.8245188179        3.9746087395
AG              10.1566758860        0.8272973814        3.9726479430
AG              13.0573847302        0.8206622470        3.9699379833
AG               2.9064474348        3.3390160647        3.9720423595
AG               5.8117295142        3.3448031920        3.9789709196
AG               8.7036325056        3.3297173109        3.9744059499
AG              11.5982904317        3.3426033465        3.9742120305
AG              14.5015968760        3.3386345947        3.9726374894
AG               4.3629240312        5.8538137669        3.9811128446
AG               7.2578758037        5.8500898308        3.9814760720
AG              10.1517119780        5.8496423488        3.9768931423
AG              13.0522132893        5.8543591861        3.9747170389
AG              15.9634331732        5.8496647930        3.9691216765
AG               5.8024767180        8.3580869059        3.9760949791
AG               8.7055953779        8.3522101156        3.9749422817
AG              11.6115133243        8.3621892638        3.9676457049
AG              14.5086337201        8.3648752761        3.9785596748
AG              17.4134526776        8.3648991521        3.9773038158
AG               7.2533036948       10.8543776476        3.9808656551
AG              10.1536103123       10.8582126176        3.9795003525
AG              13.0529236607       10.8791048966        3.9782064371
AG              15.9590349824       10.8826772893        3.9757848313
AG              18.8662662091       10.8789684824        3.9765947636
AG              14.5053867843        1.6419459601        6.3156063740
AG               2.8898400606        1.6435015704        6.3159945523
AG               5.7944201755        1.6491483364        6.3105751247
AG               8.7010125981        1.6409733561        6.3187012467
AG              11.6074928906        1.6446525970        6.3079206461
AG              15.9587938031        4.1631182700        6.3114441848
AG               4.3514202796        4.1619374394        6.3149253922
AG               7.2656364283        4.1601236077        6.3423596011
AG              10.1461657793        4.1593157541        6.3341686410
AG              13.0569786986        4.1619699182        6.3097643479
AG              17.4140007695        6.6785341490        6.3116711792
AG               5.8210978511        6.6742158109        6.3495153704
AG               8.7034488577        6.6654650065        6.3751647504
AG              11.6002877372        6.6769460881        6.3260474214
AG              14.5136045248        6.6783459466        6.3093877915
AG              18.8681626232        9.1840362182        6.3212329168
AG               7.2594672859        9.1610565185        6.3454205672
AG              10.1587412769        9.1702311185        6.3305945637
AG              13.0577761883        9.1871502978        6.3193274393
AG              15.9616300987        9.1913640283        6.3299444194
AG              20.3192280782       11.6961700708        6.3123456987
AG               8.7013658343       11.6938942475        6.3119817254
AG              11.5967376000       11.7044447221        6.3110068447
AG              14.5010251953       11.6970877807        6.3275354604
AG              17.4133480175       11.6975803407        6.3255716107
AG              -0.0040045763       -0.0319328251        8.6623460597
AG               2.8970800390       -0.0321801464        8.6607673730
AG               5.7928222576       -0.0362627012        8.6584772257
AG               8.7037202229       -0.0511446511        8.6613177108
AG              11.6154392595       -0.0408380880        8.6587077746
AG               1.4391614043        2.4793102829        8.6483913070
AG               4.3431908581        2.4732731152        8.6501345941
AG               7.2409426231        2.4408957647        8.6620600611
AG              10.1655580552        2.4343266825        8.6573576423
AG              13.0552586942        2.4737448195        8.6512519809
AG               2.8931187147        4.9913272764        8.6504607161
AG               5.7788417738        4.9711913901        8.6518145317
AG               8.7058149951        4.8894575246        8.7000268082
AG              11.6360029393        4.9719714220        8.6350774033
AG              14.5120347424        4.9959448139        8.6509166220
AG               4.3293705573        7.5070799330        8.6632440125
AG               7.1955852359        7.5305321887        8.7213966574
AG              10.2353356171        7.5472382138        8.6592423852
AG              13.0908093733        7.5123636922        8.6542537341
AG              15.9631088268        7.4993933935        8.6659892859
AG              20.3069363079       10.0362361953        8.6629365254
AG               8.7076485593       10.0453593479        8.6407665273
AG              11.6234219290       10.0422541816        8.6552703091
AG              14.5094339634       10.0154204279        8.6740920673
AG              17.4188154132       10.0113558156        8.6690439102
O                8.8435072426        6.6237227443       10.2141332998
H                9.0691576224        6.5874535457       11.1606317812
