ATOMIC_POSITIONS (angstrom)
Ni               1.2286497520        0.7093615510       11.2500000000    0   0   0
Ni               2.4572990100        2.8374462050       11.2500000000    0   0   0
Ni               3.6859482670        4.9655308580       11.2500000000    0   0   0
Ni               4.9145975240        7.0936155120       11.2500000000    0   0   0
Ni               3.6859497520        0.7093615510       11.2500000000    0   0   0
Ni               4.9145990100        2.8374462050       11.2500000000    0   0   0
Ni               6.1432482670        4.9655308580       11.2500000000    0   0   0
Ni               7.3718975240        7.0936155120       11.2500000000    0   0   0
Ni               6.1432497520        0.7093615510       11.2500000000    0   0   0
Ni               7.3718990100        2.8374462050       11.2500000000    0   0   0
Ni               8.6005482670        4.9655308580       11.2500000000    0   0   0
Ni               9.8291975240        7.0936155120       11.2500000000    0   0   0
Ni               8.6005497520        0.7093615510       11.2500000000    0   0   0
Ni               9.8291990100        2.8374462050       11.2500000000    0   0   0
Ni              11.0578482670        4.9655308580       11.2500000000    0   0   0
Ni              12.2864975240        7.0936155120       11.2500000000    0   0   0
Ni               4.9099156437        8.5053429943       13.3011714153    0   0   0
Ni              11.0531329444        2.1206495289       13.3008022987    0   0   0
Ni              12.2817169742        4.2489790338       13.3006009374    0   0   0
Ni              13.5101985337        6.3773433495       13.3009431249    0   0   0
Ni               7.3672568657        8.5047181049       13.3011773704    0   0   0
Ni               3.6813642393        2.1207834059       13.3007249916    0   0   0
Ni               4.9098915811        4.2493198243       13.3009122649    0   0   0
Ni               6.1382079689        6.3774560515       13.3011135672    0   0   0
Ni               9.8241033231        8.5046823230       13.3010832757    0   0   0
Ni               6.1383369811        2.1207818053       13.3007715317    0   0   0
Ni               7.3668809572        4.2490234566       13.3008058444    0   0   0
Ni               8.5953896190        6.3767159329       13.3009510356    0   0   0
Ni              12.2816608155        8.5051500050       13.3006064561    0   0   0
Ni               8.5958456854        2.1206091639       13.3010363913    0   0   0
Ni               9.8244550653        4.2487038258       13.3007275536    0   0   0
Ni              11.0528529681        6.3769409810       13.3006612510    0   0   0
Cu               2.4478273934        1.4024593494       15.3768195279    0   0   0
Cu               3.6763308064        3.5307008763       15.3768060769    0   0   0
Cu               4.9041378635        5.6597275327       15.3773446705    0   0   0
Cu               6.1330260753        7.7878909917       15.3784795762    0   0   0
Cu               4.9046987935        1.4026027494       15.3777978376    0   0   0
Cu               6.1325026874        3.5313494179       15.3777258642    0   0   0
Cu               7.3610720821        5.6598451508       15.3779275454    0   0   0
Cu               8.5906751573        7.7868955285       15.3785352684    0   0   0
Cu               7.3621786350        1.4037478132       15.3762149869    0   0   0
Cu               8.5904727219        3.5321453649       15.3780682333    0   0   0
Cu               9.8190628607        5.6596863340       15.3769316566    0   0   0
Cu              11.0487962789        7.7874997913       15.3777155251    0   0   0
Cu               9.8196454140        1.4041813301       15.3774701118    0   0   0
Cu              11.0479045226        3.5315147301       15.3771972946    0   0   0
Cu              12.2765483612        5.6595853029       15.3771297580    0   0   0
Cu              13.5054403737        7.7883030906       15.3772812510    0   0   0
Cu               1.2085393530        0.6850006910       17.5676727541
Cu               2.4408402342        2.8088725124       17.5670480646
Cu               3.6665137270        4.9453114389       17.5737690314
Cu               4.8966591212        7.0748772263       17.5596359182
Cu               3.6687786813        0.6855380070       17.5695244941
Cu               4.8942853111        2.8090235900       17.6880199274
Cu               6.1014811500        4.9463385458       17.5605539246
Cu               7.3470341966        7.0921502680       17.5708981209
Cu               6.1342678689        0.6798292985       17.5703650099
Cu               7.3531160788        2.7950933676       17.5666380543
Cu               8.6026855566        4.9397285538       17.4849405325
Cu               9.8238792280        7.0851533995       17.5584289890
Cu               8.5896707953        0.6800454550       17.5552202757
Cu               9.8266121297        2.7959072549       17.5677401858
Cu              11.0645657013        4.9436573628       17.5485146070
Cu              12.2750394759        7.0699765867       17.5729690248
O                7.4388166076        4.0093114769       21.6888237215
O                8.5235826999        4.9566687305       19.3581284255
O                8.5480870423        4.9506600350       24.1325289701
C                8.5494662883        4.9136414320       21.7282372711
C                9.3877368606        4.7420411023       20.4541216249
C                9.3776489888        4.7199106188       22.9909247367
H                8.1096410801        5.9207582793       21.7124876157
H                9.8020518709        3.7065250063       20.4238239838
H               10.2545834024        5.4414259795       20.4207940534
H               10.2493085469        5.4055508982       22.9875053473
H                9.7579641797        3.6772599531       22.9870417611
H                7.8230697536        3.1203070668       21.6857615799
H                4.8378112815        2.8200390086       19.1985726410
H                9.1055884672        4.7824629116       24.9110806173
