Ni   6.13833698   2.12078181   13.30077153  0 0 0
Ni   7.36688096   4.24902346   13.30080584  0 0 0
Ni   8.59538962   6.37671593   13.30095104  0 0 0
Ni   12.28166082   8.50515001   13.30060646  0 0 0
Ni   8.59584569   2.12060916   13.30103639  0 0 0
Ni   9.82445507   4.24870383   13.30072755  0 0 0
Ni   11.05285297   6.37694098   13.30066125  0 0 0
Cu   2.44782739   1.40245935   15.37681953  0 0 0
Cu   3.67633081   3.53070088   15.37680608  0 0 0
Cu   4.90413786   5.65972753   15.37734467  0 0 0
Cu   6.13302608   7.78789099   15.37847958  0 0 0
Cu   4.90469879   1.40260275   15.37779784  0 0 0
Cu   6.13250269   3.53134942   15.37772586  0 0 0
Cu   7.36107208   5.65984515   15.37792755  0 0 0
Cu   8.59067516   7.78689553   15.37853527  0 0 0
Cu   7.36217864   1.40374781   15.37621499  0 0 0
Cu   8.59047272   3.53214536   15.37806823  0 0 0
Cu   9.81906286   5.65968633   15.37693166  0 0 0
Cu   11.04879628   7.78749979   15.37771553  0 0 0
Cu   9.81964541   1.40418133   15.37747011  0 0 0
Cu   11.04790452   3.53151473   15.37719729  0 0 0
Cu   12.27654836   5.65958530   15.37712976  0 0 0
Cu   13.50544037   7.78830309   15.37728125  0 0 0
Cu   1.21401251   0.68368030   17.56970668  0 0 0
Cu   2.44315548   2.81161257   17.56657018  0 0 0
Cu   3.67051110   4.93843432   17.56873889  0 0 0
Cu   4.89887421   7.06885387   17.57159279  0 0 0
Cu   3.67164550   0.68291184   17.57139884  0 0 0
Cu   4.89814186   2.81124167   17.57220763  0 0 0
Cu   6.12743534   4.94103320   17.57082667  0 0 0
Cu   7.35547522   7.06982280   17.57132986  0 0 0
Cu   6.12970773   0.68330634   17.56891009  0 0 0
Cu   7.35672376   2.81356822   17.56987985  0 0 0
Cu   8.58510636   4.94215689   17.57023690  0 0 0
Cu   9.81529755   7.06995963   17.57006179  0 0 0
Cu   8.58650820   0.68557722   17.56679676  0 0 0
Cu   9.81449147   2.81354562   17.57494975  0 0 0
Cu   11.04276921   4.94164479   17.56908654  0 0 0
Cu   12.27286001   7.06925175   17.57197459  0 0 0
O    7.50299791   3.80943648   21.78473447  1 1 1
O    8.27741247   5.43478330   19.63155466  1 1 1
O    8.15673065   4.69634396   24.34161959  1 1 1
C    8.27767961   4.95356370   21.95989850  1 1 1
C    9.09741271   5.23430143   20.75130867  1 1 1
C    9.02099001   4.74121306   23.22239944  1 1 1
H    7.55673767   5.77862823   22.01389718  1 1 1
H    9.83237050   4.41793726   20.70280823  1 1 1
H    9.59164602   6.20820767   20.87551061  1 1 1
H    9.67752309   5.62930394   23.23391207  1 1 1
H    9.63215352   3.82004980   23.26153736  1 1 1
H    7.81964242   2.91875462   21.97619761  1 1 1
H    6.76653038   4.46573147   19.75744448  1 1 1
H    8.74505705   4.51924104   25.09607903  1 1 1
INTERMEDIATE_IMAGE
ATOMIC_POSITIONS angstrom
Ni   1.22864975   0.70936155   11.25000000  0 0 0
Ni   2.45729901   2.83744620   11.25000000  0 0 0
Ni   3.68594827   4.96553086   11.25000000  0 0 0
Ni   4.91459752   7.09361551   11.25000000  0 0 0
Ni   3.68594975   0.70936155   11.25000000  0 0 0
Ni   4.91459901   2.83744620   11.25000000  0 0 0
Ni   6.14324827   4.96553086   11.25000000  0 0 0
Ni   7.37189752   7.09361551   11.25000000  0 0 0
Ni   6.14324975   0.70936155   11.25000000  0 0 0
Ni   7.37189901   2.83744620   11.25000000  0 0 0
Ni   8.60054827   4.96553086   11.25000000  0 0 0
Ni   9.82919752   7.09361551   11.25000000  0 0 0
Ni   8.60054975   0.70936155   11.25000000  0 0 0
Ni   9.82919901   2.83744620   11.25000000  0 0 0
Ni   11.05784827   4.96553086   11.25000000  0 0 0
Ni   12.28649752   7.09361551   11.25000000  0 0 0
Ni   4.90991564   8.50534299   13.30117142  0 0 0
Ni   11.05313294   2.12064953   13.30080230  0 0 0
Ni   12.28171697   4.24897903   13.30060094  0 0 0
Ni   13.51019853   6.37734335   13.30094312  0 0 0
Ni   7.36725687   8.50471810   13.30117737  0 0 0
Ni   3.68136424   2.12078341   13.30072499  0 0 0
Ni   4.90989158   4.24931982   13.30091226  0 0 0
Ni   6.13820797   6.37745605   13.30111357  0 0 0
Ni   9.82410332   8.50468232   13.30108328  0 0 0
Ni   6.13833698   2.12078181   13.30077153  0 0 0
Ni   7.36688096   4.24902346   13.30080584  0 0 0
Ni   8.59538962   6.37671593   13.30095104  0 0 0
Ni   12.28166082   8.50515001   13.30060646  0 0 0
Ni   8.59584569   2.12060916   13.30103639  0 0 0
Ni   9.82445507   4.24870383   13.30072755  0 0 0
Ni   11.05285297   6.37694098   13.30066125  0 0 0
Cu   2.44782739   1.40245935   15.37681953  0 0 0
Cu   3.67633081   3.53070088   15.37680608  0 0 0
Cu   4.90413786   5.65972753   15.37734467  0 0 0
Cu   6.13302608   7.78789099   15.37847958  0 0 0
Cu   4.90469879   1.40260275   15.37779784  0 0 0
Cu   6.13250269   3.53134942   15.37772586  0 0 0
Cu   7.36107208   5.65984515   15.37792755  0 0 0
Cu   8.59067516   7.78689553   15.37853527  0 0 0
Cu   7.36217864   1.40374781   15.37621499  0 0 0
Cu   8.59047272   3.53214536   15.37806823  0 0 0
Cu   9.81906286   5.65968633   15.37693166  0 0 0
Cu   11.04879628   7.78749979   15.37771553  0 0 0
Cu   9.81964541   1.40418133   15.37747011  0 0 0
Cu   11.04790452   3.53151473   15.37719729  0 0 0
Cu   12.27654836   5.65958530   15.37712976  0 0 0
Cu   13.50544037   7.78830309   15.37728125  0 0 0
Cu   1.21401251   0.68368030   17.56970668  0 0 0
Cu   2.44315548   2.81161257   17.56657018  0 0 0
Cu   3.67051110   4.93843432   17.56873889  0 0 0
Cu   4.89887421   7.06885387   17.57159279  0 0 0
Cu   3.67164550   0.68291184   17.57139884  0 0 0
Cu   4.89814186   2.81124167   17.57220763  0 0 0
Cu   6.12743534   4.94103320   17.57082667  0 0 0
Cu   7.35547522   7.06982280   17.57132986  0 0 0
Cu   6.12970773   0.68330634   17.56891009  0 0 0
Cu   7.35672376   2.81356822   17.56987985  0 0 0
Cu   8.58510636   4.94215689   17.57023690  0 0 0
Cu   9.81529755   7.06995963   17.57006179  0 0 0
Cu   8.58650820   0.68557722   17.56679676  0 0 0
Cu   9.81449147   2.81354562   17.57494975  0 0 0
Cu   11.04276921   4.94164479   17.56908654  0 0 0
Cu   12.27286001   7.06925175   17.57197459  0 0 0
O    7.82919861   3.72851243   21.22344213  1 1 1
O    8.37753486   5.74243015   19.37001822  1 1 1
O    7.56624893   4.42960022   23.89661524  1 1 1
C    8.06389979   5.03889350   21.61727547  1 1 1
C    9.00094496   5.61190171   20.60943613  1 1 1
C    8.56147724   4.91163551   23.00148184  1 1 1
H    7.13457918   5.61056212   21.49993513  1 1 1
H    9.90259704   4.99195330   20.70578729  1 1 1
H    9.16999756   6.66157076   20.89359594  1 1 1
H    8.81560509   5.97117431   23.18430480  1 1 1
H    9.44623723   4.25566445   23.15012641  1 1 1
H    7.80418619   2.89470467   21.66132838  1 1 1
H    6.13747521   4.37095536   19.46355431  1 1 1
H    8.04877382   4.33162860   24.73346704  1 1 1
INTERMEDIATE_IMAGE
ATOMIC_POSITIONS angstrom
Ni   1.22864975   0.70936155   11.25000000  0 0 0
Ni   2.45729901   2.83744620   11.25000000  0 0 0
Ni   3.68594827   4.96553086   11.25000000  0 0 0
Ni   4.91459752   7.09361551   11.25000000  0 0 0
Ni   3.68594975   0.70936155   11.25000000  0 0 0
Ni   4.91459901   2.83744620   11.25000000  0 0 0
Ni   6.14324827   4.96553086   11.25000000  0 0 0
Ni   7.37189752   7.09361551   11.25000000  0 0 0
Ni   6.14324975   0.70936155   11.25000000  0 0 0
Ni   7.37189901   2.83744620   11.25000000  0 0 0
Ni   8.60054827   4.96553086   11.25000000  0 0 0
Ni   9.82919752   7.09361551   11.25000000  0 0 0
Ni   8.60054975   0.70936155   11.25000000  0 0 0
Ni   9.82919901   2.83744620   11.25000000  0 0 0
Ni   11.05784827   4.96553086   11.25000000  0 0 0
Ni   12.28649752   7.09361551   11.25000000  0 0 0
Ni   4.90991564   8.50534299   13.30117142  0 0 0
Ni   11.05313294   2.12064953   13.30080230  0 0 0
Ni   12.28171697   4.24897903   13.30060094  0 0 0
Ni   13.51019853   6.37734335   13.30094312  0 0 0
Ni   7.36725687   8.50471810   13.30117737  0 0 0
Ni   3.68136424   2.12078341   13.30072499  0 0 0
Ni   4.90989158   4.24931982   13.30091226  0 0 0
Ni   6.13820797   6.37745605   13.30111357  0 0 0
Ni   9.82410332   8.50468232   13.30108328  0 0 0
Ni   6.13833698   2.12078181   13.30077153  0 0 0
Ni   7.36688096   4.24902346   13.30080584  0 0 0
Ni   8.59538962   6.37671593   13.30095104  0 0 0
Ni   12.28166082   8.50515001   13.30060646  0 0 0
Ni   8.59584569   2.12060916   13.30103639  0 0 0
Ni   9.82445507   4.24870383   13.30072755  0 0 0
Ni   11.05285297   6.37694098   13.30066125  0 0 0
Cu   2.44782739   1.40245935   15.37681953  0 0 0
Cu   3.67633081   3.53070088   15.37680608  0 0 0
Cu   4.90413786   5.65972753   15.37734467  0 0 0
Cu   6.13302608   7.78789099   15.37847958  0 0 0
Cu   4.90469879   1.40260275   15.37779784  0 0 0
Cu   6.13250269   3.53134942   15.37772586  0 0 0
Cu   7.36107208   5.65984515   15.37792755  0 0 0
Cu   8.59067516   7.78689553   15.37853527  0 0 0
Cu   7.36217864   1.40374781   15.37621499  0 0 0
Cu   8.59047272   3.53214536   15.37806823  0 0 0
Cu   9.81906286   5.65968633   15.37693166  0 0 0
Cu   11.04879628   7.78749979   15.37771553  0 0 0
Cu   9.81964541   1.40418133   15.37747011  0 0 0
Cu   11.04790452   3.53151473   15.37719729  0 0 0
Cu   12.27654836   5.65958530   15.37712976  0 0 0
Cu   13.50544037   7.78830309   15.37728125  0 0 0
Cu   1.21401251   0.68368030   17.56970668  0 0 0
Cu   2.44315548   2.81161257   17.56657018  0 0 0
Cu   3.67051110   4.93843432   17.56873889  0 0 0
Cu   4.89887421   7.06885387   17.57159279  0 0 0
Cu   3.67164550   0.68291184   17.57139884  0 0 0
Cu   4.89814186   2.81124167   17.57220763  0 0 0
Cu   6.12743534   4.94103320   17.57082667  0 0 0
Cu   7.35547522   7.06982280   17.57132986  0 0 0
Cu   6.12970773   0.68330634   17.56891009  0 0 0
Cu   7.35672376   2.81356822   17.56987985  0 0 0
Cu   8.58510636   4.94215689   17.57023690  0 0 0
Cu   9.81529755   7.06995963   17.57006179  0 0 0
Cu   8.58650820   0.68557722   17.56679676  0 0 0
Cu   9.81449147   2.81354562   17.57494975  0 0 0
Cu   11.04276921   4.94164479   17.56908654  0 0 0
Cu   12.27286001   7.06925175   17.57197459  0 0 0
O    8.22078803   3.78391589   20.85117643  1 1 1
O    8.50344914   6.04998666   19.17413659  1 1 1
O    7.13620090   4.19294777   23.35301978  1 1 1
C    7.90301011   5.07741071   21.27172883  1 1 1
C    8.83040256   5.97184186   20.52599357  1 1 1
C    8.07653728   5.06693362   22.74340417  1 1 1
H    6.90110773   5.38889591   20.95381077  1 1 1
H    9.83340630   5.59147414   20.75904118  1 1 1
H    8.68852121   7.00034967   20.88782862  1 1 1
H    7.88430817   6.12479392   22.99396719  1 1 1
H    9.07269357   4.74605289   23.09303336  1 1 1
H    7.79810238   3.03114277   21.28824808  1 1 1
H    5.51305019   4.27740889   19.11159622  1 1 1
H    7.40326910   4.14781972   24.28591586  1 1 1
LAST_IMAGE
ATOMIC_POSITIONS angstrom
Ni   1.22864975   0.70936155   11.25000000  0 0 0
Ni   2.45729901   2.83744620   11.25000000  0 0 0
Ni   3.68594827   4.96553086   11.25000000  0 0 0
Ni   4.91459752   7.09361551   11.25000000  0 0 0
Ni   3.68594975   0.70936155   11.25000000  0 0 0
Ni   4.91459901   2.83744620   11.25000000  0 0 0
Ni   6.14324827   4.96553086   11.25000000  0 0 0
Ni   7.37189752   7.09361551   11.25000000  0 0 0
Ni   6.14324975   0.70936155   11.25000000  0 0 0
Ni   7.37189901   2.83744620   11.25000000  0 0 0
Ni   8.60054827   4.96553086   11.25000000  0 0 0
Ni   9.82919752   7.09361551   11.25000000  0 0 0
Ni   8.60054975   0.70936155   11.25000000  0 0 0
Ni   9.82919901   2.83744620   11.25000000  0 0 0
Ni   11.05784827   4.96553086   11.25000000  0 0 0
Ni   12.28649752   7.09361551   11.25000000  0 0 0
Ni   4.90991564   8.50534299   13.30117142  0 0 0
Ni   11.05313294   2.12064953   13.30080230  0 0 0
Ni   12.28171697   4.24897903   13.30060094  0 0 0
Ni   13.51019853   6.37734335   13.30094312  0 0 0
Ni   7.36725687   8.50471810   13.30117737  0 0 0
Ni   3.68136424   2.12078341   13.30072499  0 0 0
Ni   4.90989158   4.24931982   13.30091226  0 0 0
Ni   6.13820797   6.37745605   13.30111357  0 0 0
Ni   9.82410332   8.50468232   13.30108328  0 0 0
Ni   6.13833698   2.12078181   13.30077153  0 0 0
Ni   7.36688096   4.24902346   13.30080584  0 0 0
Ni   8.59538962   6.37671593   13.30095104  0 0 0
Ni   12.28166082   8.50515001   13.30060646  0 0 0
Ni   8.59584569   2.12060916   13.30103639  0 0 0
Ni   9.82445507   4.24870383   13.30072755  0 0 0
Ni   11.05285297   6.37694098   13.30066125  0 0 0
Cu   2.44782739   1.40245935   15.37681953  0 0 0
Cu   3.67633081   3.53070088   15.37680608  0 0 0
Cu   4.90413786   5.65972753   15.37734467  0 0 0
Cu   6.13302608   7.78789099   15.37847958  0 0 0
Cu   4.90469879   1.40260275   15.37779784  0 0 0
Cu   6.13250269   3.53134942   15.37772586  0 0 0
Cu   7.36107208   5.65984515   15.37792755  0 0 0
Cu   8.59067516   7.78689553   15.37853527  0 0 0
Cu   7.36217864   1.40374781   15.37621499  0 0 0
Cu   8.59047272   3.53214536   15.37806823  0 0 0
Cu   9.81906286   5.65968633   15.37693166  0 0 0
Cu   11.04879628   7.78749979   15.37771553  0 0 0
Cu   9.81964541   1.40418133   15.37747011  0 0 0
Cu   11.04790452   3.53151473   15.37719729  0 0 0
Cu   12.27654836   5.65958530   15.37712976  0 0 0
Cu   13.50544037   7.78830309   15.37728125  0 0 0
Cu   1.21401251   0.68368030   17.56970668  0 0 0
Cu   2.44315548   2.81161257   17.56657018  0 0 0
Cu   3.67051110   4.93843432   17.56873889  0 0 0
Cu   4.89887421   7.06885387   17.57159279  0 0 0
Cu   3.67164550   0.68291184   17.57139884  0 0 0
Cu   4.89814186   2.81124167   17.57220763  0 0 0
Cu   6.12743534   4.94103320   17.57082667  0 0 0
Cu   7.35547522   7.06982280   17.57132986  0 0 0
Cu   6.12970773   0.68330634   17.56891009  0 0 0
Cu   7.35672376   2.81356822   17.56987985  0 0 0
Cu   8.58510636   4.94215689   17.57023690  0 0 0
Cu   9.81529755   7.06995963   17.57006179  0 0 0
Cu   8.58650820   0.68557722   17.56679676  0 0 0
Cu   9.81449147   2.81354562   17.57494975  0 0 0
Cu   11.04276921   4.94164479   17.56908654  0 0 0
Cu   12.27286001   7.06925175   17.57197459  0 0 0
O    8.40124736   3.94525417   20.54737288  1 1 1
O    8.60043523   6.36999190   19.00799489  1 1 1
O    6.74805389   4.08334967   22.78792866  1 1 1
C    7.75148795   5.16161520   20.92919751  1 1 1
C    8.60618127   6.31427978   20.43237077  1 1 1
C    7.55110601   5.22127170   22.43519949  1 1 1
H    6.76097151   5.23031800   20.43686508  1 1 1
H    9.64517039   6.17994290   20.77347922  1 1 1
H    8.21997636   7.26987025   20.82372544  1 1 1
H    7.04367895   6.16460001   22.70372877  1 1 1
H    8.53169521   5.18453393   22.94013912  1 1 1
H    7.85898135   3.20873439   20.88683203  1 1 1
H    4.92185650   4.23894400   18.56812815  1 1 1
H    6.73610254   3.99568183   23.75388803  1 1 1
END_POSITIONS




END_ENGINE_INPUT
END
