ATOMIC_POSITIONS angstrom
Ni   1.22864975   0.70936155   11.25000000  0 0 0
Ni   2.45729901   2.83744620   11.25000000  0 0 0
Ni   3.68594827   4.96553086   11.25000000  0 0 0
Ni   4.91459752   7.09361551   11.25000000  0 0 0
Ni   3.68594975   0.70936155   11.25000000  0 0 0
Ni   4.91459901   2.83744620   11.25000000  0 0 0
Ni   6.14324827   4.96553086   11.25000000  0 0 0
Ni   7.37189752   7.09361551   11.25000000  0 0 0
Ni   6.14324975   0.70936155   11.25000000  0 0 0
Ni   7.37189901   2.83744620   11.25000000  0 0 0
Ni   8.60054827   4.96553086   11.25000000  0 0 0
Ni   9.82919752   7.09361551   11.25000000  0 0 0
Ni   8.60054975   0.70936155   11.25000000  0 0 0
Ni   9.82919901   2.83744620   11.25000000  0 0 0
Ni   11.05784827   4.96553086   11.25000000  0 0 0
Ni   12.28649752   7.09361551   11.25000000  0 0 0
Ni   4.90991564   8.50534299   13.30117142  0 0 0
Ni   11.05313294   2.12064953   13.30080230  0 0 0
Ni   12.28171697   4.24897903   13.30060094  0 0 0
Ni   13.51019853   6.37734335   13.30094312  0 0 0
Ni   7.36725687   8.50471810   13.30117737  0 0 0
Ni   3.68136424   2.12078341   13.30072499  0 0 0
Ni   4.90989158   4.24931982   13.30091226  0 0 0
Ni   6.13820797   6.37745605   13.30111357  0 0 0
Ni   9.82410332   8.50468232   13.30108328  0 0 0
Ni   6.13833698   2.12078181   13.30077153  0 0 0
Ni   7.36688096   4.24902346   13.30080584  0 0 0
Ni   8.59538962   6.37671593   13.30095104  0 0 0
Ni   12.28166082   8.50515001   13.30060646  0 0 0
Ni   8.59584569   2.12060916   13.30103639  0 0 0
Ni   9.82445507   4.24870383   13.30072755  0 0 0
Ni   11.05285297   6.37694098   13.30066125  0 0 0
Cu   2.44782739   1.40245935   15.37681953  0 0 0
Cu   3.67633081   3.53070088   15.37680608  0 0 0
Cu   4.90413786   5.65972753   15.37734467  0 0 0
Cu   6.13302608   7.78789099   15.37847958  0 0 0
Cu   4.90469879   1.40260275   15.37779784  0 0 0
Cu   6.13250269   3.53134942   15.37772586  0 0 0
Cu   7.36107208   5.65984515   15.37792755  0 0 0
Cu   8.59067516   7.78689553   15.37853527  0 0 0
Cu   7.36217864   1.40374781   15.37621499  0 0 0
Cu   8.59047272   3.53214536   15.37806823  0 0 0
Cu   9.81906286   5.65968633   15.37693166  0 0 0
Cu   11.04879628   7.78749979   15.37771553  0 0 0
Cu   9.81964541   1.40418133   15.37747011  0 0 0
Cu   11.04790452   3.53151473   15.37719729  0 0 0
Cu   12.27654836   5.65958530   15.37712976  0 0 0
Cu   13.50544037   7.78830309   15.37728125  0 0 0
Cu   1.21401251   0.68368030   17.56970668  1 1 1
Cu   2.44315548   2.81161257   17.56657018  1 1 1
Cu   3.67051110   4.93843432   17.56873889  1 1 1
Cu   4.89887421   7.06885387   17.57159279  1 1 1
Cu   3.67164550   0.68291184   17.57139884  1 1 1
Cu   4.89814186   2.81124167   17.57220763  1 1 1
Cu   6.12743534   4.94103320   17.57082667  1 1 1
Cu   7.35547522   7.06982280   17.57132986  1 1 1
Cu   6.12970773   0.68330634   17.56891009  1 1 1
Cu   7.35672376   2.81356822   17.56987985  1 1 1
Cu   8.58510636   4.94215689   17.57023690  1 1 1
Cu   9.81529755   7.06995963   17.57006179  1 1 1
Cu   8.58650820   0.68557722   17.56679676  1 1 1
Cu   9.81449147   2.81354562   17.57494975  1 1 1
Cu   11.04276921   4.94164479  17.56908654  1 1 1
Cu   12.27286001   7.06925175  17.57197459  1 1 1
O    8.40124736   3.94525417   20.54737288  1 1 1
O    8.60043523   6.36999190   19.00799489  1 1 1
O    6.74805389   4.08334967   22.78792866  1 1 1
C    7.75148795   5.16161520   20.92919751  1 1 1
C    8.60618127   6.31427978   20.43237077  1 1 1
C    7.55110601   5.22127170   22.43519949  1 1 1
H    6.76097151   5.23031800   20.43686508  1 1 1
H    9.64517039   6.17994290   20.77347922  1 1 1
H    8.21997636   7.26987025   20.82372544  1 1 1
H    7.04367895   6.16460001   22.70372877  1 1 1
H    8.53169521   5.18453393   22.94013912  1 1 1
H    7.85898135   3.20873439   20.88683203  1 1 1
H    4.92185650   4.23894400   18.56812815  1 1 1
H    6.73610254   3.99568183   23.75388803  1 1 1
