ATOMIC_POSITIONS angstrom
NI               1.2189535980        0.7037631880        1.4255056150    0   0   0
NI               2.4379071950        2.8150527500        1.4255056150    0   0   0
NI               3.6568607930        4.9263423130        1.4255056150    0   0   0
NI               4.8758143900        7.0376318760        1.4255056150    0   0   0
NI               6.0947679870        9.1489214370        1.4255056150    0   0   0
NI               7.3137215840       11.2602110000        1.4255056150    0   0   0
NI               3.6568607920        0.7037631880        1.4255056150    0   0   0
NI               4.8758143890        2.8150527500        1.4255056150    0   0   0
NI               6.0947679860        4.9263423130        1.4255056150    0   0   0
NI               7.3137215840        7.0376318760        1.4255056150    0   0   0
NI               8.5326751800        9.1489214370        1.4255056150    0   0   0
NI               9.7516287780       11.2602110000        1.4255056150    0   0   0
NI               6.0947679870        0.7037631880        1.4255056150    0   0   0
NI               7.3137215840        2.8150527500        1.4255056150    0   0   0
NI               8.5326751810        4.9263423130        1.4255056150    0   0   0
NI               9.7516287790        7.0376318760        1.4255056150    0   0   0
NI              10.9705823750        9.1489214370        1.4255056150    0   0   0
NI              12.1895359730       11.2602110000        1.4255056150    0   0   0
NI               8.5326751820        0.7037631880        1.4255056150    0   0   0
NI               9.7516287790        2.8150527500        1.4255056150    0   0   0
NI              10.9705823760        4.9263423130        1.4255056150    0   0   0
NI              12.1895359740        7.0376318760        1.4255056150    0   0   0
NI              13.4084895710        9.1489214370        1.4255056150    0   0   0
NI              14.6274431680       11.2602110000        1.4255056150    0   0   0
NI              10.9705823750        0.7037631880        1.4255056150    0   0   0
NI              12.1895359720        2.8150527500        1.4255056150    0   0   0
NI              13.4084895700        4.9263423130        1.4255056150    0   0   0
NI              14.6274431670        7.0376318760        1.4255056150    0   0   0
NI              15.8463967640        9.1489214370        1.4255056150    0   0   0
NI              17.0653503620       11.2602110000        1.4255056150    0   0   0
NI              13.4084895710        0.7037631880        1.4255056150    0   0   0
NI              14.6274431670        2.8150527500        1.4255056150    0   0   0
NI              15.8463967650        4.9263423130        1.4255056150    0   0   0
NI              17.0653503620        7.0376318760        1.4255056150    0   0   0
NI              18.2843039590        9.1489214370        1.4255056150    0   0   0
NI              19.5032575570       11.2602110000        1.4255056150    0   0   0
NI               2.4502727267        1.4146656186        3.4528328950
NI               3.6443921314        3.5435349503        3.4449422515
NI               4.8419109879        5.6496796378        3.4298500273
NI               6.0671263631        7.7398337337        3.4449422515
NI               7.3137215840        9.8384061388        3.4528328950
NI               8.5525260412       11.9525132869        3.4568891746
NI               4.8909873513        1.3843686921        3.4449422515
NI               6.0886806782        3.5153014286        3.4562442949
NI               7.3137215840        5.6371345187        3.4562442949
NI               8.5603168039        7.7398337337        3.4449422515
NI               9.7967404976        9.8347788565        3.4271862102
NI              11.0086450855       11.9338591775        3.4271862102
NI               7.3137215830        1.3683780995        3.4298500273
NI               8.5387624888        3.5153014286        3.4562442949
NI               9.7855321781        5.6496796378        3.4298500273
NI              11.0224179200        7.7489601163        3.4046332047
NI              12.2348520450        9.8265213790        3.3916711205
NI              13.4278558132       11.9153007615        3.4046332047
NI               9.7364558157        1.3843686921        3.4449422515
NI              10.9830510356        3.5435349503        3.4449422515
NI              12.2220052729        5.6712138722        3.4046332047
NI              13.4348904117        7.7566375961        3.3694413745
NI              14.6274431670        9.8221995598        3.3694413745
NI              15.8270305198       11.9153007615        3.4046332047
NI              12.1771704403        1.4146656186        3.4528328950
NI              13.4155385790        3.5668367170        3.4271862102
NI              14.6274431670        5.6824319939        3.3916711205
NI              15.8199959233        7.7566375961        3.3694413745
NI              17.0200342890        9.8265213791        3.3916711205
NI              18.2462412485       11.9338591775        3.4271862102
NI              14.6274431670        1.4304481751        3.4568891746
NI              15.8393477560        3.5668367170        3.4271862102
NI              17.0328810601        5.6712138722        3.4046332047
NI              18.2324684130        7.7489601163        3.4046332047
NI              19.4581458374        9.8347788565        3.4271862102
NI              20.7023602918       11.9525132869        3.4568891746
