    -3.6295  -3.6276  -3.6075  -3.6040  -3.6021  -3.5972  -3.5967  -3.5770
    -3.5742  -3.5688  -3.5662  -3.5628  -3.5514  -3.5161  -3.5130  -3.5083
    -3.4943  -3.4913  -3.4900  -3.4865  -3.4777  -3.4682  -3.4620  -3.4573
    -3.4555  -3.4537  -3.4509  -3.4443  -3.4439  -3.4426  -3.4401  -3.4326
    -3.4261  -3.4187  -3.4147  -3.4046  -3.3988  -3.3932  -3.3891  -3.3855
    -3.3773  -3.3748  -3.3745  -3.3720  -3.3699  -3.3677  -3.3645  -3.3623
    -3.3592  -3.3573  -3.3497  -3.3416  -3.3381  -3.3357  -3.3339  -3.3231
    -3.3112  -3.3104  -3.2718  -3.2653  -3.2620  -3.2535  -3.2494  -3.2364
    -3.2302  -3.2204  -3.2132  -3.2107  -3.2079  -3.1938  -3.1922  -3.1763
    -3.1689  -3.1659  -3.1597  -3.1572  -3.1510  -3.1499  -3.1324  -3.1294
    -3.0997  -2.7929  -2.7868  -2.6175  -2.6122  -2.5589  -2.5528  -2.0718
    -2.0668  -1.6908  -1.6874  -1.6295  -1.6288  -1.6114  -1.4587  -1.4510
    -1.0425  -0.9608  -0.9546  -0.9463  -0.9388  -0.8819  -0.8757  -0.8078
    -0.8016  -0.7757  -0.7143  -0.7117  -0.7087  -0.7019  -0.4390  -0.4329
     0.0475   0.0747   0.0788   0.1263   0.1328   0.1667   0.2630   0.2689
     0.3070   0.3122   0.3149   0.5748   0.5827   0.6261   0.6314   0.6334
     0.7997   0.8023   0.8055   0.8327   0.8368   1.1189   1.1268   1.1425
     1.1537   1.3113   1.3187   1.3242   1.4664   1.4739   1.4907   1.4952
     1.5286   1.5783   1.5926   1.6439   2.0108   2.0183   2.5105   2.5697
     2.5779   2.6393   2.6578   2.6861   2.6943   2.6982   2.7032   2.9891
     2.9933   3.0394   3.0490   3.4319   3.5486   3.5855   3.5893   3.6018
     3.6049   3.6782   3.7444   3.7708   3.8266   3.8336   3.8896   3.9792
     3.9807   3.9821   4.0542   4.0635   4.0643   4.1020   4.1166   4.2225
     4.2226   4.2781   4.2906   4.2961   4.2982   4.2984   4.3045   4.3182
     4.3822   4.5575   4.6052   4.6078   4.6225   4.6227   4.6485   4.6604
     4.7295   4.7821   4.7832   4.8033   4.8135   4.8767   4.8854   4.8937
     4.9012   4.9482   4.9491   4.9995   5.0032   5.0035   5.0269   5.0340
     5.0803   5.1273   5.2294   5.3112

     occupation numbers 
     1.0000   1.0000   1.0000   1.0000   1.0000   1.0000   1.0000   1.0000
     1.0000   1.0000   1.0000   1.0000   1.0000   1.0000   1.0000   1.0000
     1.0000   1.0000   1.0000   1.0000   1.0000   1.0000   1.0000   1.0000
     1.0000   1.0000   1.0000   1.0000   1.0000   1.0000   1.0000   1.0000
     1.0000   1.0000   1.0000   1.0000   1.0000   1.0000   1.0000   1.0000
     1.0000   1.0000   1.0000   1.0000   1.0000   1.0000   1.0000   1.0000
     1.0000   1.0000   1.0000   1.0000   1.0000   1.0000   1.0000   1.0000
     1.0000   1.0000   1.0000   1.0000   1.0000   1.0000   1.0000   1.0000
     1.0000   1.0000   1.0000   1.0000   1.0000   1.0000   1.0000   1.0000
     1.0000   1.0000   1.0000   1.0000   1.0000   1.0000   1.0000   1.0000
     1.0000   1.0000   1.0000   1.0000   1.0000   1.0000   1.0000   1.0000
     1.0000   1.0000   1.0000   1.0000   1.0000   1.0000   1.0000   1.0000
     1.0000   1.0000   1.0000   1.0000   1.0000   1.0000   1.0000   1.0000
     1.0000   1.0000   1.0000   1.0000   1.0000   1.0000   1.0000   1.0000
     1.0000   1.0000   1.0000   1.0000   1.0000   1.0000   1.0000   1.0000
     1.0000   1.0000   1.0000   1.0000   1.0000   1.0000   1.0000   1.0000
     1.0000   1.0000   1.0000   1.0000   1.0000   1.0000   1.0000   1.0000
     1.0000   1.0000   1.0000   1.0000   1.0000   1.0000   1.0000   1.0000
     1.0000   1.0000   1.0000   1.0000   1.0000   1.0000   1.0000   1.0000
     1.0000   1.0000   1.0000   1.0000   1.0000   1.0000   1.0000   1.0000
     1.0000   1.0000   1.0000   1.0000   1.0000   1.0000   1.0000   1.0000
     1.0000   1.0000   1.0000   1.0000   1.0000   1.0000   1.0000   1.0000
     1.0000   1.0000   1.0000   1.0000   1.0000   1.0000   1.0000   1.0000
     1.0000   1.0000   1.0000   1.0000   1.0000   1.0000   1.0000   1.0000
     1.0000   1.0000   1.0000   1.0000   1.0000   1.0000   1.0000   1.0000
     1.0000   1.0000   1.0000   1.0000   1.0000   1.0000   1.0000   1.0000
     1.0000   1.0000   1.0000   1.0000   1.0000   1.0000   1.0000   1.0000
     1.0000   1.0000   1.0000   1.0000   1.0000   1.0000   1.0000   1.0000
     1.0000   1.0000   1.0000   1.0000   1.0000   1.0000   1.0000   1.0000
     1.0000   1.0000   1.0000   1.0000   1.0000   1.0000   1.0000   1.0000
     1.0000   1.0000   1.0000   1.0000   1.0000   1.0000   1.0000   1.0000
     1.0000   1.0000   1.0000   1.0000   1.0000   1.0000   1.0000   1.0000
     1.0000   1.0000   1.0000   1.0000   1.0000   1.0000   1.0000   1.0000
     1.0000   1.0000   1.0000   1.0000   1.0000   1.0000   1.0000   1.0000
     1.0000   1.0000   1.0000   1.0000   1.0000   1.0000   1.0000   1.0000
     1.0000   1.0000   1.0000   1.0000   1.0000   1.0000   1.0000   1.0000
     1.0000   1.0000   1.0000   1.0000   1.0000   1.0000   1.0000   1.0000
     1.0000   1.0000   1.0000   1.0000   1.0000   1.0000   1.0000   1.0000
     1.0000   1.0000   1.0000   1.0000   1.0000   1.0000   1.0000   1.0000
     1.0000   1.0000   1.0000   1.0000   1.0000   1.0000   1.0000   1.0000
     1.0000   1.0000   1.0000   1.0000   1.0000   1.0000   1.0000   1.0000
     1.0000   1.0000   1.0000   1.0000   1.0000   1.0000   1.0000   1.0000
     1.0000   1.0000   1.0000   1.0000   1.0000   1.0000   1.0000   1.0000
     1.0000   1.0000   1.0000   1.0000   1.0000   1.0000   1.0000   1.0000
     1.0000   1.0000   1.0000   1.0000   1.0000   1.0000   1.0000   1.0000
     1.0000   1.0000   1.0000   1.0000   1.0000   1.0000   1.0000   1.0000
     1.0000   1.0000   1.0000   1.0000   1.0000   1.0000   1.0000   1.0000
     1.0000   1.0000   1.0000   1.0000   1.0000   1.0000   1.0000   1.0000
     1.0000   1.0000   1.0000   1.0000   1.0000   1.0000   1.0000   1.0000
     1.0000   1.0000   1.0000   1.0000   1.0000   1.0000   1.0000   1.0000
     1.0000   1.0000   1.0000   1.0000   1.0000   1.0000   1.0000   1.0000
     1.0000   1.0000   1.0000   1.0000   1.0000   1.0000   1.0000   1.0000
     1.0000   1.0000   1.0000   1.0000   1.0000   1.0000   1.0000   1.0000
     1.0000   1.0000   1.0000   1.0000   1.0000   1.0000   1.0000   1.0000
     1.0000   1.0000   1.0000   1.0000   1.0000   1.0000   1.0000   1.0000
     1.0000   1.0000   1.0000   1.0000   1.0000   1.0000   1.0000   1.0000
     1.0000   1.0000   1.0000   1.0000   1.0000   1.0000   1.0000   1.0000
     1.0000   1.0000   1.0000   1.0000   1.0000   1.0000   1.0000   1.0000
     1.0000   1.0000   1.0000   1.0000   1.0000   1.0000   1.0000   1.0000
     1.0000   1.0000   1.0000   1.0000   1.0000   1.0000   1.0000   1.0000
     1.0000   1.0000   1.0000   1.0000   1.0000   1.0000   1.0000   1.0000
     1.0000   1.0000   1.0000   1.0000   1.0000   1.0000   1.0000   1.0000
     1.0000   1.0000   1.0000   1.0000   1.0000   1.0000   1.0000   1.0000
     1.0000   1.0000   1.0000   1.0000   1.0000   1.0000   1.0000   1.0000
     1.0000   1.0000   1.0000   1.0000   1.0000   1.0000   1.0000   1.0000
     1.0000   1.0000   1.0000   1.0000   1.0000   1.0000   1.0000   1.0000
     1.0000   1.0000   1.0000   1.0000   1.0000   1.0000   1.0000   1.0000
     1.0000   1.0000   1.0000   1.0000   1.0000   1.0000   1.0000   1.0000
     0.9999   0.9998   0.9984   0.9983   0.9981   0.9976   0.5369   0.5116
     0.0000   0.0000   0.0000   0.0000   0.0000   0.0000   0.0000   0.0000
     0.0000   0.0000   0.0000   0.0000   0.0000   0.0000   0.0000   0.0000
     0.0000   0.0000   0.0000   0.0000   0.0000   0.0000   0.0000   0.0000
     0.0000   0.0000   0.0000   0.0000   0.0000   0.0000   0.0000   0.0000
     0.0000   0.0000   0.0000   0.0000   0.0000   0.0000   0.0000   0.0000
     0.0000   0.0000   0.0000   0.0000   0.0000   0.0000   0.0000   0.0000
     0.0000   0.0000   0.0000   0.0000   0.0000   0.0000   0.0000   0.0000
     0.0000   0.0000   0.0000   0.0000   0.0000   0.0000   0.0000   0.0000
     0.0000   0.0000   0.0000   0.0000   0.0000   0.0000   0.0000   0.0000
     0.0000   0.0000   0.0000   0.0000   0.0000   0.0000   0.0000   0.0000
     0.0000   0.0000   0.0000   0.0000   0.0000   0.0000   0.0000   0.0000
     0.0000   0.0000   0.0000   0.0000   0.0000   0.0000   0.0000   0.0000
     0.0000   0.0000   0.0000   0.0000   0.0000   0.0000   0.0000   0.0000
     0.0000   0.0000   0.0000   0.0000

          k = 0.5000 0.0000-0.1814 (267870 PWs)   bands (ev):

    -7.6205  -7.3716  -7.3655  -6.7344  -6.7316  -6.7283  -6.6117  -6.6095
    -6.5356  -6.5344  -6.5292  -6.5235  -6.5211  -6.4750  -6.4738  -6.4651
    -6.4607  -6.4568  -6.4442  -6.4295  -6.4251  -6.4197  -6.4182  -6.4146
    -6.4113  -6.3899  -6.3864  -6.3676  -6.3650  -6.3505  -6.3490  -6.3310
    -6.3278  -6.3166  -6.3114  -6.3018  -6.2921  -6.2771  -6.2765  -6.2740
    -6.2715  -6.2693  -6.2455  -6.2447  -6.2365  -6.2343  -6.2307  -6.2297
    -6.1995  -6.1974  -6.1818  -6.1813  -6.1778  -6.1761  -6.1753  -6.1729
    -6.1687  -6.1675  -6.1559  -6.1197  -6.1136  -6.1083  -6.1048  -6.1039
    -6.1013  -6.1000  -6.0856  -6.0800  -6.0747  -6.0719  -6.0685  -6.0626
    -6.0241  -6.0228  -6.0191  -6.0124  -5.9896  -5.9845  -5.9830  -5.9804
    -5.9721  -5.9615  -5.9293  -5.9191  -5.9164  -5.9143  -5.9124  -5.9050
    -5.9005  -5.8871  -5.8726  -5.8719  -5.8674  -5.8628  -5.8585  -5.8555
    -5.8433  -5.8242  -5.8098  -5.8078  -5.8054  -5.8039  -5.8006  -5.7971
    -5.7900  -5.7797  -5.7233  -5.7213  -5.7198  -5.7193  -5.7161  -5.7142
    -5.7024  -5.7001  -5.6968  -5.6932  -5.6898  -5.6729  -5.6658  -5.6637
    -5.6629  -5.6595  -5.6573  -5.6535  -5.6402  -5.6384  -5.6330  -5.6305
    -5.6078  -5.6042  -5.5815  -5.5789  -5.5721  -5.5665  -5.5618  -5.5544
    -5.5314  -5.5217  -5.5181  -5.5137  -5.5054  -5.4957  -5.4940  -5.4606
    -5.4489  -5.4457  -5.4421  -5.4365  -5.4341  -5.4251  -5.4080  -5.4024
    -5.3701  -5.3681  -5.3653  -5.3323  -5.3312  -5.3287  -5.3229  -5.2932
    -5.2898  -5.2795  -5.2785  -5.2761  -5.2430  -5.2342  -5.2301  -5.2233
    -5.2202  -5.2160  -5.2086  -5.2005  -5.1881  -5.1849  -5.1791  -5.1760
    -5.1711  -5.1669  -5.1626  -5.1568  -5.1529  -5.1335  -5.1082  -5.1006
    -5.0739  -5.0721  -5.0680  -5.0663  -5.0644  -5.0625  -5.0609  -5.0597
    -5.0576  -5.0527  -5.0451  -5.0415  -5.0296  -5.0267  -5.0187  -5.0174
    -5.0144  -5.0063  -4.9993  -4.9946  -4.9874  -4.9843  -4.9828  -4.9788
    -4.9760  -4.9753  -4.9716  -4.9698  -4.9686  -4.9650  -4.9540  -4.9516
    -4.9489  -4.9475  -4.9443  -4.9416  -4.9411  -4.9381  -4.9349  -4.9321
    -4.9278  -4.9229  -4.9218  -4.9171  -4.9031  -4.9019  -4.8996  -4.8971
    -4.8933  -4.8919  -4.8910  -4.8871  -4.8788  -4.8754  -4.8728  -4.8692
    -4.8675  -4.8627  -4.8610  -4.8563  -4.8530  -4.8297  -4.8272  -4.8225
    -4.8049  -4.7981  -4.7690  -4.7619  -4.7603  -4.7571  -4.7352  -4.7229
    -4.7183  -4.7049  -4.6999  -4.6945  -4.6883  -4.6861  -4.6779  -4.6731
    -4.6692  -4.6661  -4.6639  -4.6617  -4.6596  -4.6529  -4.6496  -4.6467
    -4.6216  -4.6150  -4.6122  -4.6016  -4.5909  -4.5796  -4.5777  -4.5762
    -4.5732  -4.5661  -4.5653  -4.5456  -4.5424  -4.5372  -4.5304  -4.5290
    -4.5279  -4.5256  -4.5112  -4.5084  -4.5080  -4.5023  -4.5017  -4.4901
    -4.4523  -4.4433  -4.4256  -4.4213  -4.4202  -4.4187  -4.4154  -4.4125
    -4.4095  -4.4060  -4.3875  -4.3792  -4.3750  -4.3735  -4.3649  -4.3615
    -4.3498  -4.3387  -4.3368  -4.3328  -4.3312  -4.3269  -4.3231  -4.3016
    -4.3004  -4.2992  -4.2979  -4.2950  -4.2932  -4.2866  -4.2633  -4.2607
    -4.2581  -4.2543  -4.2452  -4.2412  -4.2276  -4.2254  -4.2185  -4.2118
    -4.2091  -4.2071  -4.2058  -4.2030  -4.2013  -4.1947  -4.1905  -4.1785
    -4.1747  -4.1639  -4.1628  -4.1382  -4.1353  -4.1330  -4.1288  -4.1214
    -4.1152  -4.1030  -4.1004  -4.0943  -4.0901  -4.0886  -4.0852  -4.0575
    -4.0554  -4.0549  -4.0492  -4.0464  -4.0463  -4.0396  -4.0278  -4.0238
    -4.0144  -4.0108  -4.0103  -3.9921  -3.9893  -3.9880  -3.9838  -3.9805
    -3.9655  -3.9638  -3.9411  -3.9351  -3.9269  -3.9202  -3.9188  -3.9161
    -3.9140  -3.9136  -3.9121  -3.9115  -3.9104  -3.9048  -3.8922  -3.8889
    -3.8874  -3.8865  -3.8807  -3.8759  -3.8580  -3.8470  -3.8441  -3.8351
    -3.8346  -3.8271  -3.8259  -3.7889  -3.7872  -3.7823  -3.7746  -3.7716
    -3.7605  -3.7582  -3.7562  -3.7540  -3.7504  -3.7484  -3.7477  -3.7463
    -3.7415  -3.7132  -3.7076  -3.7055  -3.7045  -3.6983  -3.6955  -3.6941
    -3.6926  -3.6920  -3.6879  -3.6871  -3.6811  -3.6777  -3.6735  -3.6725
    -3.6668  -3.6596  -3.6543  -3.6448  -3.6427  -3.6411  -3.6324  -3.6300
    -3.6277  -3.6257  -3.6058  -3.6027  -3.6011  -3.5953  -3.5950  -3.5761
    -3.5734  -3.5691  -3.5669  -3.5624  -3.5525  -3.5165  -3.5127  -3.5120
    -3.4957  -3.4930  -3.4915  -3.4878  -3.4752  -3.4664  -3.4658  -3.4574
    -3.4555  -3.4537  -3.4499  -3.4448  -3.4443  -3.4436  -3.4402  -3.4315
    -3.4250  -3.4147  -3.4117  -3.4043  -3.4008  -3.3970  -3.3854  -3.3831
    -3.3793  -3.3767  -3.3747  -3.3732  -3.3726  -3.3686  -3.3641  -3.3612
    -3.3590  -3.3575  -3.3496  -3.3404  -3.3376  -3.3349  -3.3330  -3.3213
    -3.3130  -3.3124  -3.2724  -3.2617  -3.2594  -3.2480  -3.2451  -3.2351
    -3.2298  -3.2272  -3.2189  -3.2162  -3.2080  -3.1939  -3.1923  -3.1763
    -3.1687  -3.1658  -3.1590  -3.1568  -3.1511  -3.1500  -3.1340  -3.1311
    -3.0947  -2.7936  -2.7879  -2.6157  -2.6104  -2.5604  -2.5547  -2.0741
    -2.0699  -1.6905  -1.6872  -1.6309  -1.6301  -1.6075  -1.4561  -1.4485
    -1.0417  -0.9621  -0.9562  -0.9474  -0.9396  -0.8783  -0.8720  -0.8081
    -0.8024  -0.7762  -0.7140  -0.7112  -0.7090  -0.7021  -0.4332  -0.4292
     0.0465   0.0731   0.0770   0.1246   0.1311   0.1556   0.2632   0.2692
     0.3051   0.3091   0.3151   0.5732   0.5811   0.6287   0.6344   0.6372
     0.8000   0.8038   0.8074   0.8351   0.8382   1.1140   1.1192   1.1419
     1.1536   1.3095   1.3168   1.3361   1.4648   1.4719   1.4912   1.4953
     1.5289   1.5695   1.5790   1.6713   2.0085   2.0154   2.5107   2.5685
     2.5773   2.6453   2.6634   2.6857   2.6939   2.6997   2.7052   2.9935
     2.9960   3.0350   3.0412   3.4317   3.5491   3.5823   3.5955   3.6040
     3.6151   3.6488   3.7507   3.7708   3.8315   3.8365   3.8900   3.9794
     3.9807   3.9819   4.0501   4.0581   4.0642   4.1147   4.1245   4.2226
     4.2226   4.2708   4.2920   4.2954   4.2979   4.2983   4.3004   4.3044
     4.3822   4.5575   4.6055   4.6077   4.6224   4.6227   4.6580   4.6678
     4.7210   4.7822   4.7832   4.8056   4.8160   4.8840   4.8904   4.8987
     4.9045   4.9482   4.9490   4.9925   5.0032   5.0033   5.0263   5.0274
     5.0678   5.1274   5.3011   5.3064

     occupation numbers 
     1.0000   1.0000   1.0000   1.0000   1.0000   1.0000   1.0000   1.0000
     1.0000   1.0000   1.0000   1.0000   1.0000   1.0000   1.0000   1.0000
     1.0000   1.0000   1.0000   1.0000   1.0000   1.0000   1.0000   1.0000
     1.0000   1.0000   1.0000   1.0000   1.0000   1.0000   1.0000   1.0000
     1.0000   1.0000   1.0000   1.0000   1.0000   1.0000   1.0000   1.0000
     1.0000   1.0000   1.0000   1.0000   1.0000   1.0000   1.0000   1.0000
     1.0000   1.0000   1.0000   1.0000   1.0000   1.0000   1.0000   1.0000
     1.0000   1.0000   1.0000   1.0000   1.0000   1.0000   1.0000   1.0000
     1.0000   1.0000   1.0000   1.0000   1.0000   1.0000   1.0000   1.0000
     1.0000   1.0000   1.0000   1.0000   1.0000   1.0000   1.0000   1.0000
     1.0000   1.0000   1.0000   1.0000   1.0000   1.0000   1.0000   1.0000
     1.0000   1.0000   1.0000   1.0000   1.0000   1.0000   1.0000   1.0000
     1.0000   1.0000   1.0000   1.0000   1.0000   1.0000   1.0000   1.0000
     1.0000   1.0000   1.0000   1.0000   1.0000   1.0000   1.0000   1.0000
     1.0000   1.0000   1.0000   1.0000   1.0000   1.0000   1.0000   1.0000
     1.0000   1.0000   1.0000   1.0000   1.0000   1.0000   1.0000   1.0000
     1.0000   1.0000   1.0000   1.0000   1.0000   1.0000   1.0000   1.0000
     1.0000   1.0000   1.0000   1.0000   1.0000   1.0000   1.0000   1.0000
     1.0000   1.0000   1.0000   1.0000   1.0000   1.0000   1.0000   1.0000
     1.0000   1.0000   1.0000   1.0000   1.0000   1.0000   1.0000   1.0000
     1.0000   1.0000   1.0000   1.0000   1.0000   1.0000   1.0000   1.0000
     1.0000   1.0000   1.0000   1.0000   1.0000   1.0000   1.0000   1.0000
     1.0000   1.0000   1.0000   1.0000   1.0000   1.0000   1.0000   1.0000
     1.0000   1.0000   1.0000   1.0000   1.0000   1.0000   1.0000   1.0000
     1.0000   1.0000   1.0000   1.0000   1.0000   1.0000   1.0000   1.0000
     1.0000   1.0000   1.0000   1.0000   1.0000   1.0000   1.0000   1.0000
     1.0000   1.0000   1.0000   1.0000   1.0000   1.0000   1.0000   1.0000
     1.0000   1.0000   1.0000   1.0000   1.0000   1.0000   1.0000   1.0000
     1.0000   1.0000   1.0000   1.0000   1.0000   1.0000   1.0000   1.0000
     1.0000   1.0000   1.0000   1.0000   1.0000   1.0000   1.0000   1.0000
     1.0000   1.0000   1.0000   1.0000   1.0000   1.0000   1.0000   1.0000
     1.0000   1.0000   1.0000   1.0000   1.0000   1.0000   1.0000   1.0000
     1.0000   1.0000   1.0000   1.0000   1.0000   1.0000   1.0000   1.0000
     1.0000   1.0000   1.0000   1.0000   1.0000   1.0000   1.0000   1.0000
     1.0000   1.0000   1.0000   1.0000   1.0000   1.0000   1.0000   1.0000
     1.0000   1.0000   1.0000   1.0000   1.0000   1.0000   1.0000   1.0000
     1.0000   1.0000   1.0000   1.0000   1.0000   1.0000   1.0000   1.0000
     1.0000   1.0000   1.0000   1.0000   1.0000   1.0000   1.0000   1.0000
     1.0000   1.0000   1.0000   1.0000   1.0000   1.0000   1.0000   1.0000
     1.0000   1.0000   1.0000   1.0000   1.0000   1.0000   1.0000   1.0000
     1.0000   1.0000   1.0000   1.0000   1.0000   1.0000   1.0000   1.0000
     1.0000   1.0000   1.0000   1.0000   1.0000   1.0000   1.0000   1.0000
     1.0000   1.0000   1.0000   1.0000   1.0000   1.0000   1.0000   1.0000
     1.0000   1.0000   1.0000   1.0000   1.0000   1.0000   1.0000   1.0000
     1.0000   1.0000   1.0000   1.0000   1.0000   1.0000   1.0000   1.0000
     1.0000   1.0000   1.0000   1.0000   1.0000   1.0000   1.0000   1.0000
     1.0000   1.0000   1.0000   1.0000   1.0000   1.0000   1.0000   1.0000
     1.0000   1.0000   1.0000   1.0000   1.0000   1.0000   1.0000   1.0000
     1.0000   1.0000   1.0000   1.0000   1.0000   1.0000   1.0000   1.0000
     1.0000   1.0000   1.0000   1.0000   1.0000   1.0000   1.0000   1.0000
     1.0000   1.0000   1.0000   1.0000   1.0000   1.0000   1.0000   1.0000
     1.0000   1.0000   1.0000   1.0000   1.0000   1.0000   1.0000   1.0000
     1.0000   1.0000   1.0000   1.0000   1.0000   1.0000   1.0000   1.0000
     1.0000   1.0000   1.0000   1.0000   1.0000   1.0000   1.0000   1.0000
     1.0000   1.0000   1.0000   1.0000   1.0000   1.0000   1.0000   1.0000
     1.0000   1.0000   1.0000   1.0000   1.0000   1.0000   1.0000   1.0000
     1.0000   1.0000   1.0000   1.0000   1.0000   1.0000   1.0000   1.0000
     1.0000   1.0000   1.0000   1.0000   1.0000   1.0000   1.0000   1.0000
     1.0000   1.0000   1.0000   1.0000   1.0000   1.0000   1.0000   1.0000
     1.0000   1.0000   1.0000   1.0000   1.0000   1.0000   1.0000   1.0000
     1.0000   1.0000   1.0000   1.0000   1.0000   1.0000   1.0000   1.0000
     1.0000   1.0000   1.0000   1.0000   1.0000   1.0000   1.0000   1.0000
     1.0000   1.0000   1.0000   1.0000   1.0000   1.0000   1.0000   1.0000
     1.0000   1.0000   1.0000   1.0000   1.0000   1.0000   1.0000   1.0000
     1.0000   1.0000   1.0000   1.0000   1.0000   1.0000   1.0000   1.0000
     1.0000   1.0000   1.0000   1.0000   1.0000   1.0000   1.0000   1.0000
     1.0000   1.0000   1.0000   1.0000   1.0000   1.0000   1.0000   1.0000
     1.0000   1.0000   1.0000   1.0000   1.0000   1.0000   1.0000   1.0000
     0.9999   0.9998   0.9984   0.9983   0.9981   0.9976   0.5127   0.4959
     0.0000   0.0000   0.0000   0.0000   0.0000   0.0000   0.0000   0.0000
     0.0000   0.0000   0.0000   0.0000   0.0000   0.0000   0.0000   0.0000
     0.0000   0.0000   0.0000   0.0000   0.0000   0.0000   0.0000   0.0000
     0.0000   0.0000   0.0000   0.0000   0.0000   0.0000   0.0000   0.0000
     0.0000   0.0000   0.0000   0.0000   0.0000   0.0000   0.0000   0.0000
     0.0000   0.0000   0.0000   0.0000   0.0000   0.0000   0.0000   0.0000
     0.0000   0.0000   0.0000   0.0000   0.0000   0.0000   0.0000   0.0000
     0.0000   0.0000   0.0000   0.0000   0.0000   0.0000   0.0000   0.0000
     0.0000   0.0000   0.0000   0.0000   0.0000   0.0000   0.0000   0.0000
     0.0000   0.0000   0.0000   0.0000   0.0000   0.0000   0.0000   0.0000
     0.0000   0.0000   0.0000   0.0000   0.0000   0.0000   0.0000   0.0000
     0.0000   0.0000   0.0000   0.0000   0.0000   0.0000   0.0000   0.0000
     0.0000   0.0000   0.0000   0.0000   0.0000   0.0000   0.0000   0.0000
     0.0000   0.0000   0.0000   0.0000

     the Fermi energy is    -0.4301 ev

!    total energy              =   -8428.00299977 Ry
     estimated scf accuracy    <       0.00000010 Ry
     smearing contrib. (-TS)   =      -0.01295198 Ry
     internal energy E=F+TS    =   -8427.99004779 Ry

     The total energy is F=E-TS. E is the sum of the following terms:
     one-electron contribution = -175268.17542610 Ry
     hartree contribution      =   88330.92294637 Ry
     xc contribution           =   -2232.56785467 Ry
     ewald contribution        =   80744.26396072 Ry
     DFT-D3 Dispersion         =      -2.43367410 Ry

     convergence has been achieved in  19 iterations
