    -3.1238  -3.0946  -3.0878  -3.0519  -3.0453  -3.0425  -3.0356  -3.0279
    -3.0226  -3.0161  -2.9994  -2.9916  -2.9878  -2.9575  -2.9557  -2.9333
    -2.9241  -2.9225  -2.9179  -2.9172  -2.9149  -2.9122  -2.9093  -2.9077
    -2.9065  -2.9038  -2.9009  -2.8956  -2.8933  -2.8914  -2.8898  -2.8879
    -2.8861  -2.8831  -2.8814  -2.8793  -2.8747  -2.8695  -2.8649  -2.8532
    -2.8494  -2.8423  -2.8394  -2.8338  -2.8246  -2.8177  -2.8119  -2.8062
    -2.8017  -2.7992  -2.7929  -2.7879  -2.7846  -2.7826  -2.7762  -2.7739
    -2.7691  -2.7669  -2.7661  -2.7567  -2.7485  -2.7467  -2.7434  -2.7355
    -2.7318  -2.7301  -2.7263  -2.7230  -2.7208  -2.7184  -2.7071  -2.7059
    -2.7000  -2.6987  -2.6815  -2.6626  -2.6617  -2.6574  -2.6521  -2.6459
    -2.6448  -2.6393  -2.6295  -2.6223  -2.6219  -2.5918  -2.5872  -2.5757
    -2.5718  -2.5631  -2.5590  -2.5502  -2.5449  -2.5401  -2.5307  -2.5160
    -2.5059  -2.4988  -2.4941  -2.4886  -2.4777  -2.4733  -2.4663  -2.4446
    -2.4378  -2.4159  -2.4115  -2.4071  -2.3952  -2.3526  -2.3331  -2.3181
    -2.3104  -2.3090  -2.2976  -2.2813  -2.2795  -2.2641  -2.2581  -2.2251
    -2.2176  -2.2111  -2.2093  -2.2077  -2.2016  -2.1953  -2.1920  -2.1904
    -2.1763  -2.1722  -2.1713  -2.1670  -2.1633  -2.1605  -2.1593  -2.1505
    -2.1437  -2.1335  -2.1325  -2.1270  -2.1252  -2.1218  -2.1189  -2.1152
    -2.1046  -2.0962  -2.0794  -2.0203  -2.0162  -1.9975  -1.9941  -1.9933
    -1.9909  -1.9878  -1.9874  -1.9802  -1.9725  -1.9668  -1.9401  -1.9330
    -1.9046  -1.8981  -1.8770  -1.8597  -1.8517  -1.8472  -1.8453  -1.8429
    -1.8390  -1.8384  -1.8317  -1.8163  -1.8107  -1.7792  -1.7765  -1.7720
    -1.7695  -1.7664  -1.7614  -1.7525  -1.7280  -1.7232  -1.7144  -1.7093
    -1.7054  -1.6990  -1.6872  -1.6830  -1.6753  -1.6716  -1.6669  -1.6618
    -1.6482  -1.6443  -1.6335  -1.6281  -1.6216  -1.6184  -1.6173  -1.6125
    -1.6115  -1.6055  -1.5881  -1.5863  -1.5831  -1.5811  -1.5591  -1.5552
    -1.5527  -1.5505  -1.5380  -1.5320  -1.5301  -1.5283  -1.5261  -1.5131
    -1.5071  -1.4996  -1.4906  -1.4884  -1.4858  -1.4835  -1.4828  -1.4793
    -1.4409  -1.4388  -1.4372  -1.4360  -1.4294  -1.4251  -1.4236  -1.4203
    -1.4192  -1.4139  -1.4124  -1.4057  -1.4031  -1.3981  -1.3965  -1.3879
    -1.3832  -1.3819  -1.3790  -1.3751  -1.3143  -1.3033  -1.3016  -1.2928
    -1.2924  -1.2869  -1.2814  -1.2563  -1.2265  -1.2235  -1.2204  -1.2020
    -1.1969  -1.1943  -1.1888  -1.1882  -1.1830  -1.1809  -1.1802  -1.1777
    -1.1774  -1.1768  -1.1750  -1.1724  -1.1705  -1.1644  -1.1584  -1.1470
    -1.1410  -1.1397  -1.1353  -1.1306  -1.1262  -1.1210  -1.1064  -1.1019
    -1.0967  -1.0726  -1.0699  -1.0676  -1.0668  -1.0630  -1.0595  -1.0529
    -1.0461  -1.0447  -1.0443  -1.0419  -1.0391  -1.0378  -1.0329  -1.0302
    -1.0282  -1.0151  -1.0104  -1.0085  -1.0068  -0.9925  -0.9912  -0.9636
    -0.9611  -0.9186  -0.9153  -0.9084  -0.9039  -0.9006  -0.8964  -0.8820
    -0.8765  -0.8754  -0.8735  -0.8715  -0.8682  -0.8173  -0.8149  -0.8106
    -0.8076  -0.7147  -0.5400  -0.5268  -0.5227  -0.3781  -0.3726  -0.2893
    -0.2846  -0.2431  -0.2409  -0.1675  -0.1638  -0.1598  -0.1570  -0.1497
    -0.1441  -0.0345  -0.0256   0.0330   0.0508   0.0557   0.3751   0.3779
     0.5087   0.5191   0.6518   0.6596   0.7193   0.7238   0.8486   0.8514
     0.8658   0.8690   0.9906   1.0687   1.0731   1.1773   1.1852   1.1990
     1.3757   1.3788   1.3795   1.3953   1.4052   1.4094   1.4590   1.9144
     1.9197   1.9969   2.0056   2.0346   2.0418   2.0465   2.0770   2.0807
     2.1548   2.1681   2.1759   2.1936   2.2049   2.2607   3.0110   3.2293
     3.2406   3.3473   3.3504   3.3618   3.3722   3.3929   3.3957   3.5401

     occupation numbers 
     1.0000   1.0000   1.0000   1.0000   1.0000   1.0000   1.0000   1.0000
     1.0000   1.0000   1.0000   1.0000   1.0000   1.0000   1.0000   1.0000
     1.0000   1.0000   1.0000   1.0000   1.0000   1.0000   1.0000   1.0000
     1.0000   1.0000   1.0000   1.0000   1.0000   1.0000   1.0000   1.0000
     1.0000   1.0000   1.0000   1.0000   1.0000   1.0000   1.0000   1.0000
     1.0000   1.0000   1.0000   1.0000   1.0000   1.0000   1.0000   1.0000
     1.0000   1.0000   1.0000   1.0000   1.0000   1.0000   1.0000   1.0000
     1.0000   1.0000   1.0000   1.0000   1.0000   1.0000   1.0000   1.0000
     1.0000   1.0000   1.0000   1.0000   1.0000   1.0000   1.0000   1.0000
     1.0000   1.0000   1.0000   1.0000   1.0000   1.0000   1.0000   1.0000
     1.0000   1.0000   1.0000   1.0000   1.0000   1.0000   1.0000   1.0000
     1.0000   1.0000   1.0000   1.0000   1.0000   1.0000   1.0000   1.0000
     1.0000   1.0000   1.0000   1.0000   1.0000   1.0000   1.0000   1.0000
     1.0000   1.0000   1.0000   1.0000   1.0000   1.0000   1.0000   1.0000
     1.0000   1.0000   1.0000   1.0000   1.0000   1.0000   1.0000   1.0000
     1.0000   1.0000   1.0000   1.0000   1.0000   1.0000   1.0000   1.0000
     1.0000   1.0000   1.0000   1.0000   1.0000   1.0000   1.0000   1.0000
     1.0000   1.0000   1.0000   1.0000   1.0000   1.0000   1.0000   1.0000
     1.0000   1.0000   1.0000   1.0000   1.0000   1.0000   1.0000   1.0000
     1.0000   1.0000   1.0000   1.0000   1.0000   1.0000   1.0000   1.0000
     1.0000   1.0000   1.0000   1.0000   1.0000   1.0000   1.0000   1.0000
     1.0000   1.0000   1.0000   1.0000   1.0000   1.0000   1.0000   1.0000
     1.0000   1.0000   1.0000   1.0000   1.0000   1.0000   1.0000   1.0000
     1.0000   1.0000   1.0000   1.0000   1.0000   1.0000   1.0000   1.0000
     1.0000   1.0000   1.0000   1.0000   1.0000   1.0000   1.0000   1.0000
     1.0000   1.0000   1.0000   1.0000   1.0000   1.0000   1.0000   1.0000
     1.0000   1.0000   1.0000   1.0000   1.0000   1.0000   1.0000   1.0000
     1.0000   1.0000   1.0000   1.0000   1.0000   1.0000   1.0000   1.0000
     1.0000   1.0000   1.0000   1.0000   1.0000   1.0000   1.0000   1.0000
     1.0000   1.0000   1.0000   1.0000   1.0000   1.0000   1.0000   1.0000
     1.0000   1.0000   1.0000   1.0000   1.0000   1.0000   1.0000   1.0000
     1.0000   1.0000   1.0000   1.0000   1.0000   1.0000   1.0000   1.0000
     1.0000   1.0000   1.0000   1.0000   1.0000   1.0000   1.0000   1.0000
     1.0000   1.0000   1.0000   1.0000   1.0000   1.0000   1.0000   1.0000
     1.0000   1.0000   1.0000   1.0000   1.0000   1.0000   1.0000   1.0000
     1.0000   1.0000   1.0000   1.0000   1.0000   1.0000   1.0000   1.0000
     1.0000   1.0000   1.0000   1.0000   1.0000   1.0000   1.0000   1.0000
     1.0000   1.0000   1.0000   1.0000   1.0000   1.0000   1.0000   1.0000
     1.0000   1.0000   1.0000   1.0000   1.0000   1.0000   1.0000   1.0000
     1.0000   1.0000   1.0000   1.0000   1.0000   1.0000   1.0000   1.0000
     1.0000   1.0000   1.0000   1.0000   1.0000   1.0000   1.0000   1.0000
     1.0000   1.0000   1.0000   1.0000   1.0000   1.0000   1.0000   1.0000
     1.0000   1.0000   1.0000   1.0000   1.0000   1.0000   1.0000   1.0000
     1.0000   1.0000   1.0000   1.0000   1.0000   1.0000   1.0000   1.0000
     1.0000   1.0000   1.0000   1.0000   1.0000   1.0000   1.0000   1.0000
     1.0000   1.0000   1.0000   1.0000   1.0000   1.0000   1.0000   1.0000
     1.0000   1.0000   1.0000   1.0000   1.0000   1.0000   1.0000   1.0000
     1.0000   1.0000   1.0000   1.0000   1.0000   1.0000   1.0000   1.0000
     1.0000   1.0000   1.0000   1.0000   1.0000   1.0000   1.0000   1.0000
     1.0000   1.0000   1.0000   1.0000   1.0000   1.0000   1.0000   1.0000
     1.0000   1.0000   1.0000   1.0000   1.0000   1.0000   1.0000   1.0000
     1.0000   1.0000   1.0000   1.0000   1.0000   1.0000   0.9999   0.9999
     0.9999   0.9999   0.9998   0.9997   0.9997   0.9997   0.9997   0.9994
     0.9993   0.9991   0.9988   0.9987   0.9985   0.9984   0.9984   0.9982
     0.9940   0.9936   0.9933   0.9930   0.9916   0.9905   0.9901   0.9892
     0.9888   0.9871   0.9866   0.9840   0.9829   0.9806   0.9798   0.9750
     0.9719   0.9711   0.9690   0.9661   0.8837   0.8599   0.8559   0.8342
     0.8331   0.8186   0.8029   0.7230   0.6111   0.5988   0.5865   0.5106
     0.4897   0.4788   0.4560   0.4535   0.4325   0.4239   0.4209   0.4109
     0.4095   0.4071   0.3997   0.3893   0.3817   0.3579   0.3350   0.2930
     0.2718   0.2676   0.2524   0.2372   0.2234   0.2075   0.1669   0.1553
     0.1429   0.0937   0.0891   0.0854   0.0840   0.0781   0.0729   0.0638
     0.0555   0.0539   0.0535   0.0508   0.0478   0.0465   0.0417   0.0393
     0.0376   0.0277   0.0247   0.0236   0.0227   0.0158   0.0152   0.0071
     0.0066   0.0018   0.0016   0.0012   0.0011   0.0009   0.0008   0.0005
     0.0004   0.0004   0.0004   0.0003   0.0003   0.0000   0.0000   0.0000
     0.0000   0.0000   0.0000   0.0000   0.0000   0.0000   0.0000   0.0000
     0.0000   0.0000   0.0000   0.0000   0.0000   0.0000   0.0000   0.0000
     0.0000   0.0000   0.0000   0.0000   0.0000   0.0000   0.0000   0.0000
     0.0000   0.0000   0.0000   0.0000   0.0000   0.0000   0.0000   0.0000
     0.0000   0.0000   0.0000   0.0000   0.0000   0.0000   0.0000   0.0000
     0.0000   0.0000   0.0000   0.0000   0.0000   0.0000   0.0000   0.0000
     0.0000   0.0000   0.0000   0.0000   0.0000   0.0000   0.0000   0.0000
     0.0000   0.0000   0.0000   0.0000   0.0000   0.0000   0.0000   0.0000
     0.0000   0.0000   0.0000   0.0000   0.0000   0.0000   0.0000   0.0000

          k = 0.5000 0.0000-0.1536 (191960 PWs)   bands (ev):

    -9.8633  -9.5268  -9.5121  -8.5417  -8.5355  -8.4720  -8.1593  -8.1368
    -7.9279  -7.6682  -7.6536  -7.2601  -7.2442  -7.1233  -7.1181  -6.9141
    -6.9078  -6.7293  -6.7144  -6.5445  -6.5235  -6.4314  -6.4095  -6.1246
    -6.1180  -6.0265  -6.0114  -5.8708  -5.8697  -5.8433  -5.8303  -5.7666
    -5.6745  -5.6652  -5.5652  -5.5637  -5.5152  -5.5074  -5.5026  -5.5012
    -5.4769  -5.4701  -5.4352  -5.4267  -5.4037  -5.3986  -5.3710  -5.3670
    -5.3214  -5.3088  -5.2834  -5.2684  -5.2514  -5.2403  -5.1396  -5.1343
    -5.0935  -5.0873  -4.9828  -4.9717  -4.9659  -4.9421  -4.9380  -4.9339
    -4.9294  -4.8966  -4.8870  -4.8659  -4.8607  -4.8425  -4.8421  -4.8096
    -4.8055  -4.8035  -4.7948  -4.7847  -4.7710  -4.7639  -4.7283  -4.7220
    -4.6571  -4.6483  -4.6399  -4.6385  -4.6299  -4.5971  -4.5890  -4.5832
    -4.5803  -4.5769  -4.5747  -4.5690  -4.5344  -4.4878  -4.4812  -4.4768
    -4.4513  -4.4446  -4.4433  -4.4243  -4.3623  -4.3601  -4.3531  -4.3510
    -4.3258  -4.3206  -4.3141  -4.3049  -4.2946  -4.2666  -4.2618  -4.2485
    -4.2437  -4.2232  -4.2168  -4.2113  -4.2061  -4.2027  -4.1579  -4.1551
    -4.1365  -4.1345  -4.1156  -4.0944  -4.0620  -4.0608  -4.0547  -3.9937
    -3.9838  -3.9673  -3.9597  -3.9361  -3.9109  -3.9070  -3.9012  -3.8910
    -3.8694  -3.8580  -3.8547  -3.8315  -3.8264  -3.8181  -3.8094  -3.8046
    -3.7845  -3.7645  -3.7601  -3.7574  -3.7503  -3.7473  -3.7372  -3.7139
    -3.7073  -3.6699  -3.6556  -3.6506  -3.6488  -3.6456  -3.6400  -3.6373
    -3.6229  -3.6209  -3.6115  -3.6022  -3.5860  -3.5812  -3.5361  -3.5310
    -3.4455  -3.4346  -3.4069  -3.4054  -3.4010  -3.3974  -3.3945  -3.3909
    -3.3903  -3.3824  -3.3739  -3.3706  -3.3634  -3.3569  -3.3495  -3.3289
    -3.3162  -3.3149  -3.3097  -3.3017  -3.2808  -3.2782  -3.2748  -3.2692
    -3.2605  -3.2559  -3.2237  -3.2120  -3.2071  -3.1816  -3.1764  -3.1686
    -3.1648  -3.1565  -3.1538  -3.1515  -3.1460  -3.1429  -3.1318  -3.1262
    -3.1248  -3.0946  -3.0877  -3.0557  -3.0484  -3.0461  -3.0415  -3.0256
    -3.0201  -3.0138  -2.9993  -2.9909  -2.9877  -2.9570  -2.9550  -2.9333
    -2.9239  -2.9212  -2.9160  -2.9147  -2.9126  -2.9110  -2.9097  -2.9068
    -2.9036  -2.9030  -2.9005  -2.8966  -2.8929  -2.8924  -2.8910  -2.8891
    -2.8874  -2.8855  -2.8815  -2.8808  -2.8754  -2.8710  -2.8656  -2.8539
    -2.8469  -2.8395  -2.8383  -2.8338  -2.8243  -2.8176  -2.8136  -2.8061
    -2.8013  -2.7984  -2.7931  -2.7880  -2.7850  -2.7820  -2.7770  -2.7739
    -2.7681  -2.7671  -2.7651  -2.7565  -2.7503  -2.7480  -2.7427  -2.7357
    -2.7322  -2.7306  -2.7277  -2.7240  -2.7216  -2.7200  -2.7086  -2.7065
    -2.7006  -2.7001  -2.6822  -2.6648  -2.6629  -2.6597  -2.6523  -2.6464
    -2.6431  -2.6378  -2.6239  -2.6224  -2.6182  -2.5908  -2.5867  -2.5754
    -2.5685  -2.5631  -2.5592  -2.5544  -2.5483  -2.5411  -2.5312  -2.5149
    -2.5049  -2.4983  -2.4918  -2.4863  -2.4750  -2.4695  -2.4634  -2.4447
    -2.4375  -2.4153  -2.4120  -2.4075  -2.3965  -2.3524  -2.3327  -2.3190
    -2.3109  -2.3094  -2.2973  -2.2804  -2.2795  -2.2657  -2.2603  -2.2251
    -2.2166  -2.2115  -2.2095  -2.2078  -2.1981  -2.1961  -2.1940  -2.1895
    -2.1765  -2.1717  -2.1713  -2.1665  -2.1643  -2.1600  -2.1585  -2.1504
    -2.1439  -2.1345  -2.1320  -2.1264  -2.1253  -2.1216  -2.1164  -2.1144
    -2.1035  -2.0952  -2.0802  -2.0194  -2.0155  -1.9983  -1.9955  -1.9944
    -1.9922  -1.9890  -1.9882  -1.9809  -1.9728  -1.9666  -1.9418  -1.9287
    -1.9052  -1.8990  -1.8778  -1.8606  -1.8497  -1.8455  -1.8442  -1.8416
    -1.8381  -1.8360  -1.8309  -1.8167  -1.8138  -1.7797  -1.7770  -1.7728
    -1.7697  -1.7672  -1.7620  -1.7532  -1.7270  -1.7230  -1.7153  -1.7105
    -1.7053  -1.6997  -1.6867  -1.6828  -1.6758  -1.6721  -1.6673  -1.6621
    -1.6485  -1.6449  -1.6325  -1.6273  -1.6224  -1.6188  -1.6175  -1.6136
    -1.6116  -1.6077  -1.5889  -1.5857  -1.5830  -1.5814  -1.5593  -1.5555
    -1.5529  -1.5498  -1.5374  -1.5315  -1.5305  -1.5280  -1.5271  -1.5141
    -1.5079  -1.4995  -1.4912  -1.4889  -1.4861  -1.4838  -1.4834  -1.4800
    -1.4393  -1.4372  -1.4357  -1.4348  -1.4285  -1.4242  -1.4234  -1.4206
    -1.4196  -1.4139  -1.4127  -1.4058  -1.4029  -1.3978  -1.3965  -1.3885
    -1.3829  -1.3818  -1.3791  -1.3751  -1.3146  -1.3034  -1.3017  -1.2928
    -1.2927  -1.2869  -1.2813  -1.2558  -1.2255  -1.2224  -1.2194  -1.2030
    -1.1976  -1.1947  -1.1895  -1.1888  -1.1830  -1.1819  -1.1813  -1.1785
    -1.1773  -1.1761  -1.1758  -1.1720  -1.1688  -1.1644  -1.1580  -1.1462
    -1.1407  -1.1374  -1.1367  -1.1312  -1.1271  -1.1231  -1.1070  -1.1026
    -1.0977  -1.0711  -1.0677  -1.0664  -1.0657  -1.0634  -1.0604  -1.0534
    -1.0440  -1.0436  -1.0428  -1.0418  -1.0382  -1.0372  -1.0324  -1.0302
    -1.0285  -1.0161  -1.0113  -1.0094  -1.0083  -0.9930  -0.9907  -0.9639
    -0.9614  -0.9195  -0.9185  -0.9107  -0.9073  -0.9000  -0.8982  -0.8825
    -0.8764  -0.8721  -0.8701  -0.8684  -0.8678  -0.8157  -0.8137  -0.8095
    -0.8073  -0.7168  -0.5426  -0.5290  -0.5247  -0.3766  -0.3708  -0.2887
    -0.2842  -0.2433  -0.2412  -0.1671  -0.1652  -0.1628  -0.1588  -0.1486
    -0.1431  -0.0374  -0.0284   0.0304   0.0513   0.0556   0.3742   0.3766
     0.5087   0.5265   0.6536   0.6613   0.7201   0.7235   0.8495   0.8523
     0.8680   0.8706   0.9917   1.0644   1.0694   1.1791   1.1868   1.1964
     1.3779   1.3789   1.3817   1.3987   1.4078   1.4110   1.4598   1.9164
     1.9208   1.9999   2.0073   2.0340   2.0372   2.0418   2.0773   2.0804
     2.1462   2.1685   2.1749   2.1967   2.2062   2.2615   3.0079   3.2232
     3.2353   3.3474   3.3501   3.3603   3.3692   3.3949   3.3974   3.5434

     occupation numbers 
     1.0000   1.0000   1.0000   1.0000   1.0000   1.0000   1.0000   1.0000
     1.0000   1.0000   1.0000   1.0000   1.0000   1.0000   1.0000   1.0000
     1.0000   1.0000   1.0000   1.0000   1.0000   1.0000   1.0000   1.0000
     1.0000   1.0000   1.0000   1.0000   1.0000   1.0000   1.0000   1.0000
     1.0000   1.0000   1.0000   1.0000   1.0000   1.0000   1.0000   1.0000
     1.0000   1.0000   1.0000   1.0000   1.0000   1.0000   1.0000   1.0000
     1.0000   1.0000   1.0000   1.0000   1.0000   1.0000   1.0000   1.0000
     1.0000   1.0000   1.0000   1.0000   1.0000   1.0000   1.0000   1.0000
     1.0000   1.0000   1.0000   1.0000   1.0000   1.0000   1.0000   1.0000
     1.0000   1.0000   1.0000   1.0000   1.0000   1.0000   1.0000   1.0000
     1.0000   1.0000   1.0000   1.0000   1.0000   1.0000   1.0000   1.0000
     1.0000   1.0000   1.0000   1.0000   1.0000   1.0000   1.0000   1.0000
     1.0000   1.0000   1.0000   1.0000   1.0000   1.0000   1.0000   1.0000
     1.0000   1.0000   1.0000   1.0000   1.0000   1.0000   1.0000   1.0000
     1.0000   1.0000   1.0000   1.0000   1.0000   1.0000   1.0000   1.0000
     1.0000   1.0000   1.0000   1.0000   1.0000   1.0000   1.0000   1.0000
     1.0000   1.0000   1.0000   1.0000   1.0000   1.0000   1.0000   1.0000
     1.0000   1.0000   1.0000   1.0000   1.0000   1.0000   1.0000   1.0000
     1.0000   1.0000   1.0000   1.0000   1.0000   1.0000   1.0000   1.0000
     1.0000   1.0000   1.0000   1.0000   1.0000   1.0000   1.0000   1.0000
     1.0000   1.0000   1.0000   1.0000   1.0000   1.0000   1.0000   1.0000
     1.0000   1.0000   1.0000   1.0000   1.0000   1.0000   1.0000   1.0000
     1.0000   1.0000   1.0000   1.0000   1.0000   1.0000   1.0000   1.0000
     1.0000   1.0000   1.0000   1.0000   1.0000   1.0000   1.0000   1.0000
     1.0000   1.0000   1.0000   1.0000   1.0000   1.0000   1.0000   1.0000
     1.0000   1.0000   1.0000   1.0000   1.0000   1.0000   1.0000   1.0000
     1.0000   1.0000   1.0000   1.0000   1.0000   1.0000   1.0000   1.0000
     1.0000   1.0000   1.0000   1.0000   1.0000   1.0000   1.0000   1.0000
     1.0000   1.0000   1.0000   1.0000   1.0000   1.0000   1.0000   1.0000
     1.0000   1.0000   1.0000   1.0000   1.0000   1.0000   1.0000   1.0000
     1.0000   1.0000   1.0000   1.0000   1.0000   1.0000   1.0000   1.0000
     1.0000   1.0000   1.0000   1.0000   1.0000   1.0000   1.0000   1.0000
     1.0000   1.0000   1.0000   1.0000   1.0000   1.0000   1.0000   1.0000
     1.0000   1.0000   1.0000   1.0000   1.0000   1.0000   1.0000   1.0000
     1.0000   1.0000   1.0000   1.0000   1.0000   1.0000   1.0000   1.0000
     1.0000   1.0000   1.0000   1.0000   1.0000   1.0000   1.0000   1.0000
     1.0000   1.0000   1.0000   1.0000   1.0000   1.0000   1.0000   1.0000
     1.0000   1.0000   1.0000   1.0000   1.0000   1.0000   1.0000   1.0000
     1.0000   1.0000   1.0000   1.0000   1.0000   1.0000   1.0000   1.0000
     1.0000   1.0000   1.0000   1.0000   1.0000   1.0000   1.0000   1.0000
     1.0000   1.0000   1.0000   1.0000   1.0000   1.0000   1.0000   1.0000
     1.0000   1.0000   1.0000   1.0000   1.0000   1.0000   1.0000   1.0000
     1.0000   1.0000   1.0000   1.0000   1.0000   1.0000   1.0000   1.0000
     1.0000   1.0000   1.0000   1.0000   1.0000   1.0000   1.0000   1.0000
     1.0000   1.0000   1.0000   1.0000   1.0000   1.0000   1.0000   1.0000
     1.0000   1.0000   1.0000   1.0000   1.0000   1.0000   1.0000   1.0000
     1.0000   1.0000   1.0000   1.0000   1.0000   1.0000   1.0000   1.0000
     1.0000   1.0000   1.0000   1.0000   1.0000   1.0000   1.0000   1.0000
     1.0000   1.0000   1.0000   1.0000   1.0000   1.0000   1.0000   1.0000
     1.0000   1.0000   1.0000   1.0000   1.0000   1.0000   1.0000   1.0000
     1.0000   1.0000   1.0000   1.0000   1.0000   1.0000   1.0000   1.0000
     1.0000   1.0000   1.0000   1.0000   1.0000   1.0000   0.9999   0.9999
     0.9999   0.9999   0.9998   0.9997   0.9997   0.9997   0.9997   0.9995
     0.9993   0.9991   0.9988   0.9987   0.9986   0.9984   0.9984   0.9982
     0.9937   0.9933   0.9930   0.9928   0.9914   0.9903   0.9901   0.9893
     0.9890   0.9871   0.9867   0.9840   0.9828   0.9804   0.9798   0.9753
     0.9717   0.9710   0.9691   0.9661   0.8844   0.8601   0.8562   0.8343
     0.8339   0.8184   0.8025   0.7211   0.6070   0.5945   0.5822   0.5149
     0.4924   0.4804   0.4589   0.4563   0.4322   0.4276   0.4253   0.4141
     0.4093   0.4043   0.4030   0.3880   0.3752   0.3580   0.3336   0.2900
     0.2707   0.2595   0.2572   0.2392   0.2263   0.2139   0.1684   0.1571
     0.1452   0.0912   0.0855   0.0834   0.0823   0.0787   0.0742   0.0645
     0.0532   0.0526   0.0518   0.0507   0.0469   0.0459   0.0413   0.0393
     0.0379   0.0284   0.0252   0.0241   0.0235   0.0160   0.0150   0.0072
     0.0067   0.0018   0.0017   0.0013   0.0012   0.0009   0.0009   0.0005
     0.0004   0.0003   0.0003   0.0003   0.0003   0.0000   0.0000   0.0000
     0.0000   0.0000   0.0000   0.0000   0.0000   0.0000   0.0000   0.0000
     0.0000   0.0000   0.0000   0.0000   0.0000   0.0000   0.0000   0.0000
     0.0000   0.0000   0.0000   0.0000   0.0000   0.0000   0.0000   0.0000
     0.0000   0.0000   0.0000   0.0000   0.0000   0.0000   0.0000   0.0000
     0.0000   0.0000   0.0000   0.0000   0.0000   0.0000   0.0000   0.0000
     0.0000   0.0000   0.0000   0.0000   0.0000   0.0000   0.0000   0.0000
     0.0000   0.0000   0.0000   0.0000   0.0000   0.0000   0.0000   0.0000
     0.0000   0.0000   0.0000   0.0000   0.0000   0.0000   0.0000   0.0000
     0.0000   0.0000   0.0000   0.0000   0.0000   0.0000   0.0000   0.0000

     the Fermi energy is    -1.1994 ev

!    total energy              =  -10057.23766829 Ry
     estimated scf accuracy    <       0.00000014 Ry
     smearing contrib. (-TS)   =      -0.12783157 Ry
     internal energy E=F+TS    =  -10057.10983672 Ry

     The total energy is F=E-TS. E is the sum of the following terms:
     one-electron contribution = -219471.71527263 Ry
     hartree contribution      =  110715.80387415 Ry
     xc contribution           =   -4174.32937273 Ry
     ewald contribution        =  102875.05826458 Ry
     DFT-D3 Dispersion         =      -1.92733010 Ry

     total magnetization       =    64.69 Bohr mag/cell
     absolute magnetization    =    74.37 Bohr mag/cell

     convergence has been achieved in  88 iterations
